NG,20121102,4.82,4.89,4.67,4.72,2642100
NG,20121101,4.89,4.94,4.85,4.89,1461800
NG,20121031,4.95,4.98,4.86,4.90,1738100
NG,20121026,5.07,5.07,4.91,4.93,2008600
NG,20121025,5.06,5.07,4.93,4.99,2631900
NG,20121024,5.08,5.13,4.93,4.93,2815000
NG,20121023,4.95,5.18,4.85,5.07,3820100
NG,20121022,5.02,5.12,4.97,5.08,2714000
NG,20121019,5.05,5.12,4.88,5.00,2646400
NG,20121018,5.19,5.35,5.10,5.10,2106100
NG,20121017,5.07,5.36,5.07,5.25,2670100
NG,20121016,5.06,5.16,5.03,5.14,1810700
NG,20121015,4.99,5.01,4.87,4.98,2036000
NG,20121012,5.10,5.22,5.00,5.01,1754800
NG,20121011,5.10,5.36,5.06,5.17,3766400
NG,20121010,4.99,5.12,4.91,5.05,2095500
NG,20121009,5.15,5.18,4.96,4.99,2659500
NG,20121008,5.11,5.27,5.09,5.10,1986400
NG,20121005,5.36,5.44,5.16,5.24,3130700
NG,20121004,5.46,5.55,5.36,5.40,2787600
NG,20121003,5.51,5.55,5.28,5.38,2307200
NG,20121002,5.59,5.60,5.40,5.48,2777500
NG,20121001,5.71,5.75,5.55,5.60,1728500
NG,20120928,5.72,5.77,5.52,5.60,2675700
NG,20120927,5.68,5.80,5.57,5.68,2971000
NG,20120926,5.48,5.64,5.25,5.59,3716000
NG,20120925,5.92,5.97,5.54,5.58,3269600
NG,20120924,6.09,6.10,5.71,5.78,4318800
NG,20120921,6.29,6.29,6.12,6.19,6074400
NG,20120920,6.11,6.30,6.00,6.08,3711900
NG,20120919,5.83,6.22,5.80,6.18,4225600
NG,20120918,5.74,5.88,5.63,5.83,4710100
NG,20120917,5.95,6.00,5.60,5.71,3456700
NG,20120914,5.63,5.90,5.60,5.88,4659400
NG,20120913,5.17,5.67,5.01,5.54,5366500
NG,20120912,5.15,5.24,4.95,5.18,2424400
NG,20120911,5.15,5.28,5.03,5.10,1990700
NG,20120910,5.08,5.34,5.01,5.10,3584400
NG,20120907,4.88,5.11,4.83,5.07,3535900
NG,20120906,4.77,4.82,4.73,4.75,1845600
NG,20120905,4.64,4.75,4.62,4.73,1475100
NG,20120904,4.68,4.71,4.56,4.67,1700000
NG,20120831,4.44,4.67,4.35,4.65,2547400
NG,20120830,4.48,4.53,4.36,4.36,1145400
NG,20120829,4.51,4.55,4.42,4.48,1324500
NG,20120828,4.55,4.58,4.50,4.50,1802400
NG,20120827,4.72,4.75,4.49,4.52,1951600
NG,20120824,4.70,4.72,4.63,4.65,1171900
NG,20120823,4.80,4.80,4.70,4.70,2218100
NG,20120822,4.68,4.74,4.57,4.67,3136300
NG,20120821,4.73,4.85,4.59,4.62,2313200
NG,20120820,4.71,4.73,4.51,4.59,2291800
NG,20120817,4.86,4.95,4.67,4.71,1723200
NG,20120816,4.58,4.91,4.57,4.76,3972800
NG,20120815,4.30,4.52,4.30,4.50,2288000
NG,20120814,4.26,4.39,4.25,4.29,1915300
NG,20120813,4.32,4.39,4.26,4.29,2329200
NG,20120810,4.17,4.30,4.10,4.29,3028500
NG,20120809,3.99,4.16,3.99,4.14,3300500
NG,20120808,3.82,4.01,3.82,3.97,2507900
NG,20120807,3.74,3.90,3.73,3.85,2920500
NG,20120806,3.67,3.80,3.67,3.70,3468600
NG,20120803,3.93,3.97,3.66,3.68,4001900
NG,20120802,3.96,4.00,3.83,3.93,8079900
NG,20120801,3.93,4.03,3.93,3.99,12588600
NG,20120731,3.97,4.03,3.97,3.97,5293500
NG,20120730,4.00,4.15,3.97,3.98,4216200
NG,20120727,4.07,4.14,3.95,4.00,6076900
NG,20120726,3.93,4.29,3.61,4.02,28815800
NG,20120725,5.45,5.55,5.35,5.38,3318200
NG,20120724,5.51,5.60,5.28,5.32,3000500
NG,20120723,5.47,5.57,5.42,5.53,2849800
NG,20120720,5.81,5.87,5.63,5.66,2701800
NG,20120719,5.94,6.05,5.80,5.83,1849000
NG,20120718,5.81,5.88,5.74,5.85,4153500
NG,20120717,5.77,5.92,5.63,5.86,2818900
NG,20120716,5.66,5.81,5.57,5.78,2384500
NG,20120713,5.41,5.70,5.41,5.66,3540200
NG,20120712,5.16,5.41,5.08,5.35,2808200
NG,20120711,5.51,5.57,5.20,5.27,3270300
NG,20120710,5.75,5.79,5.45,5.50,4106600
NG,20120709,5.73,5.77,5.65,5.71,2604200
NG,20120706,5.59,5.87,5.58,5.71,3156000
NG,20120705,5.67,5.80,5.61,5.70,3293700
NG,20120703,5.44,5.71,5.44,5.70,2012400
NG,20120702,5.26,5.38,5.20,5.38,1875300
NG,20120629,5.40,5.41,5.24,5.28,2462200
NG,20120628,5.10,5.19,5.01,5.14,3599200
NG,20120627,5.22,5.24,5.10,5.21,2142100
NG,20120626,5.35,5.42,5.17,5.21,3779200
NG,20120625,5.38,5.49,5.30,5.41,2578700
NG,20120622,5.52,5.61,5.35,5.45,3208700
NG,20120621,5.90,5.92,5.53,5.54,3859200
NG,20120620,6.00,6.23,5.88,5.95,3355500
NG,20120619,6.24,6.24,6.06,6.10,1692500
NG,20120618,5.95,6.23,5.88,6.18,3083800
NG,20120615,6.00,6.09,5.90,5.99,2663200
NG,20120614,6.13,6.14,5.84,5.98,3262600
NG,20120613,5.97,6.25,5.93,6.06,2878900
NG,20120612,5.86,6.04,5.83,5.91,3434300
NG,20120611,6.07,6.12,5.79,5.79,2696800
NG,20120608,5.91,6.14,5.86,5.99,2333900
NG,20120607,6.32,6.34,5.97,6.00,4089400
NG,20120606,6.62,6.71,6.07,6.34,5846100
NG,20120605,6.37,6.72,6.30,6.51,5930800
NG,20120604,5.91,6.39,5.83,6.37,5481700
NG,20120601,5.78,6.02,5.78,5.84,4027700
NG,20120531,5.92,5.98,5.57,5.66,2538500
NG,20120530,5.68,5.95,5.49,5.92,3930200
NG,20120529,5.91,5.99,5.70,5.76,2307100
NG,20120525,5.80,5.88,5.71,5.86,1757500
NG,20120524,5.91,5.94,5.53,5.78,2961900
NG,20120523,5.54,5.84,5.29,5.82,3845200
NG,20120522,5.78,5.83,5.50,5.53,3843600
NG,20120521,5.49,5.85,5.40,5.83,3800300
NG,20120518,5.56,5.79,5.43,5.46,4078400
NG,20120517,5.16,5.55,5.16,5.43,4657300
NG,20120516,5.12,5.40,5.06,5.11,3519100
NG,20120515,5.32,5.49,5.13,5.14,4541300
NG,20120514,5.24,5.56,5.18,5.36,3639600
NG,20120511,5.22,5.53,5.15,5.41,3521500
NG,20120510,5.32,5.43,5.24,5.29,3679900
NG,20120509,5.06,5.43,4.98,5.28,3987900
NG,20120508,5.50,5.50,5.08,5.23,6388100
NG,20120507,5.82,5.84,5.49,5.67,2756300
NG,20120504,5.93,6.07,5.75,5.78,3281900
NG,20120503,6.43,6.49,5.92,5.92,5163300
NG,20120502,6.70,6.72,6.44,6.47,2442500
NG,20120501,6.75,6.87,6.66,6.72,3287200
NG,20120430,6.89,7.24,6.72,7.17,3511400
NG,20120427,7.11,7.20,6.99,7.01,3653800
NG,20120426,7.20,7.30,7.02,7.02,5649400
NG,20120425,6.59,7.25,6.57,7.24,7490600
NG,20120424,6.68,6.69,6.37,6.61,4936100
NG,20120423,6.50,6.66,6.38,6.66,3317200
NG,20120420,6.62,6.71,6.57,6.61,3080000
NG,20120419,6.61,6.73,6.54,6.59,1987000
NG,20120418,6.68,6.69,6.50,6.53,3325500
NG,20120417,6.71,6.85,6.60,6.71,1917000
NG,20120416,6.95,7.15,6.60,6.63,3579900
NG,20120413,7.00,7.01,6.85,6.99,2069900
NG,20120412,6.54,7.05,6.54,7.00,3738500
NG,20120411,6.78,6.83,6.53,6.53,2504400
NG,20120410,6.57,6.81,6.55,6.79,3687500
NG,20120409,6.85,6.91,6.52,6.53,3461700
NG,20120405,6.94,7.05,6.72,6.81,3618100
NG,20120404,7.03,7.08,6.73,6.91,4203200
NG,20120403,7.32,7.32,7.08,7.25,4303700
NG,20120402,7.16,7.35,7.06,7.27,3465100
NG,20120330,7.19,7.24,6.95,7.18,3358000
NG,20120329,6.87,7.14,6.80,7.11,3124100
NG,20120328,7.05,7.10,6.83,6.90,4049100
NG,20120327,7.43,7.44,7.07,7.11,3397700
NG,20120326,7.23,7.41,7.11,7.39,5879800
NG,20120323,6.85,7.07,6.80,7.01,7746700
NG,20120322,7.00,7.04,6.69,6.74,5207100
NG,20120321,7.00,7.32,6.90,7.13,8622200
NG,20120320,6.91,6.96,6.79,6.96,4099900
NG,20120319,7.07,7.17,6.98,6.99,2375100
NG,20120316,7.02,7.18,7.01,7.02,2704500
NG,20120315,7.05,7.24,6.91,7.08,3427500
NG,20120314,7.22,7.24,6.92,7.04,8596200
NG,20120313,7.58,7.73,7.28,7.36,5860800
NG,20120312,7.98,8.04,7.52,7.55,4947000
NG,20120309,7.76,8.02,7.70,8.02,2348100
NG,20120308,7.84,7.91,7.64,7.83,2895600
NG,20120307,7.55,7.75,7.52,7.73,2686000
NG,20120306,7.71,7.78,7.47,7.52,7262400
NG,20120305,8.23,8.28,7.77,7.97,7961500
NG,20120302,8.27,8.33,8.08,8.13,3179000
NG,20120301,8.36,8.43,8.22,8.34,2266400
NG,20120229,8.61,8.69,8.14,8.30,5913700
NG,20120228,8.56,8.64,8.45,8.59,3351900
NG,20120227,8.69,8.73,8.43,8.49,3451600
NG,20120224,8.83,8.87,8.64,8.69,1951200
NG,20120223,8.90,8.98,8.65,8.83,3732900
NG,20120222,8.70,9.10,8.62,8.82,4536800
NG,20120221,8.59,8.78,8.50,8.75,5408900
NG,20120217,8.80,8.80,8.43,8.43,4327700
NG,20120216,8.43,8.77,8.41,8.74,3007800
NG,20120215,8.82,8.90,8.50,8.52,4118800
NG,20120214,8.63,8.75,8.54,8.71,4101400
NG,20120213,8.56,8.69,8.49,8.63,3647000
NG,20120210,8.38,8.61,8.22,8.48,3707900
NG,20120209,8.56,8.65,8.43,8.53,3875900
NG,20120208,8.92,8.94,8.41,8.46,5609100
NG,20120207,8.91,9.09,8.77,8.87,5576700
NG,20120206,9.02,9.25,8.86,8.91,5596800
NG,20120203,9.44,9.44,9.03,9.15,5872300
NG,20120202,9.48,9.55,9.16,9.50,19382300
NG,20120201,10.38,10.49,10.21,10.33,1514200
NG,20120131,10.65,10.72,10.23,10.35,2269600
NG,20120130,10.45,10.65,10.28,10.42,2031200
NG,20120127,9.92,10.81,9.92,10.66,3180400
NG,20120126,9.97,10.16,9.86,9.96,3621400
NG,20120125,9.47,9.89,9.26,9.84,15794500
NG,20120124,9.35,9.58,9.23,9.56,1834800
NG,20120123,9.29,9.48,9.22,9.41,2643600
NG,20120120,8.96,9.42,8.88,9.23,4351000
NG,20120119,8.90,9.02,8.79,9.01,3487100
NG,20120118,8.80,8.97,8.72,8.85,1979800
NG,20120117,9.17,9.37,8.75,8.81,2107800
NG,20120113,9.08,9.10,8.83,8.97,1306100
NG,20120112,9.14,9.56,9.00,9.19,5480000
NG,20120111,9.16,9.23,8.94,9.09,1144100
NG,20120110,9.17,9.29,9.05,9.19,1396700
NG,20120109,8.91,9.10,8.85,8.94,1220600
NG,20120106,8.96,9.15,8.82,8.82,989500
NG,20120105,8.87,9.09,8.77,8.98,2674500
NG,20120104,9.00,9.25,8.87,9.05,1805700
NG,20120103,8.69,9.19,8.66,9.12,2614600
NG,20111230,8.46,8.57,8.28,8.48,1879400
NG,20111229,7.83,8.33,7.77,8.33,2064900
NG,20111228,8.39,8.50,7.93,7.95,2382600
NG,20111227,8.62,8.70,8.23,8.26,1543400
NG,20111223,8.73,8.85,8.66,8.77,1066700
NG,20111222,8.73,8.87,8.53,8.84,1520900
NG,20111221,8.95,8.97,8.62,8.77,1622600
NG,20111220,8.57,8.93,8.56,8.89,2081000
NG,20111219,9.05,9.15,8.36,8.42,2923800
NG,20111216,9.02,9.29,8.82,9.01,5014100
NG,20111215,9.00,9.15,8.71,8.77,2882600
NG,20111214,9.01,9.35,8.70,8.89,6702100
NG,20111213,10.41,10.83,9.42,9.42,4269100
NG,20111212,10.43,10.50,10.10,10.50,2314800
NG,20111209,10.53,10.90,10.46,10.85,1635700
NG,20111208,10.75,10.77,10.33,10.55,2366000
NG,20111207,10.96,11.05,10.73,10.85,1848600
NG,20111206,10.55,11.13,10.45,10.96,2299500
NG,20111205,10.85,11.12,10.53,10.62,2199500
NG,20111202,11.40,11.49,10.66,10.76,2822800
NG,20111201,11.52,11.57,11.02,11.13,2614000
NG,20111130,11.17,11.77,11.09,11.49,5375300
NG,20111129,10.64,10.93,10.50,10.71,2776000
NG,20111128,10.45,10.80,10.39,10.63,2809000
NG,20111125,9.64,10.09,9.56,9.67,1108000
NG,20111123,10.17,10.28,9.73,9.82,3175400
NG,20111122,10.30,10.75,10.26,10.34,2446600
NG,20111121,10.74,10.74,9.91,10.21,4521100
NG,20111118,11.00,11.53,10.80,10.95,4883700
NG,20111117,10.63,11.30,10.33,10.88,7675700
NG,20111116,8.92,11.49,8.91,10.95,18164600
NG,20111115,8.83,8.89,8.59,8.81,1349400
NG,20111114,9.16,9.18,8.66,8.76,2172200
NG,20111111,8.94,9.45,8.90,9.22,2407800
NG,20111110,8.84,9.07,8.62,8.85,1822800
NG,20111109,9.05,9.32,8.80,8.84,2849800
NG,20111108,9.63,9.63,9.20,9.27,1877800
NG,20111107,9.74,9.91,9.54,9.62,1546200
NG,20111104,9.29,9.80,9.25,9.74,2442700
NG,20111103,9.55,9.76,9.29,9.44,2037400
NG,20111102,9.34,9.74,9.16,9.48,2732400
NG,20111101,8.61,9.29,8.46,9.22,3579800
NG,20111031,9.28,9.41,9.15,9.23,2155000
NG,20111028,8.72,9.50,8.69,9.44,3265500
NG,20111027,8.48,8.94,8.46,8.80,3055200
NG,20111026,8.28,8.43,7.91,8.39,2437800
NG,20111025,7.84,8.37,7.58,8.22,3201200
NG,20111024,7.59,7.94,7.57,7.86,1949700
NG,20111021,7.60,7.72,7.42,7.54,1937000
NG,20111020,7.45,7.73,7.33,7.47,2718000
NG,20111019,8.03,8.10,7.46,7.54,4016300
NG,20111018,7.34,8.20,7.31,8.16,4324200
NG,20111017,7.42,7.56,7.25,7.53,2456500
NG,20111014,7.51,7.57,7.17,7.41,1702500
NG,20111013,7.30,7.50,7.25,7.38,1905500
NG,20111012,7.30,7.49,7.24,7.33,1866300
NG,20111011,7.04,7.18,6.84,7.11,1363200
NG,20111010,7.03,7.07,6.92,7.07,1033600
NG,20111007,7.12,7.27,6.60,6.73,2360600
NG,20111006,6.90,7.10,6.76,7.02,2276100
NG,20111005,6.28,6.87,6.20,6.84,2993500
NG,20111004,5.99,6.35,5.93,6.31,4223800
NG,20111003,6.65,6.67,6.07,6.19,3582600
NG,20110930,6.53,6.79,6.45,6.45,2020300
NG,20110929,6.96,7.03,6.51,6.66,2854700
NG,20110928,7.08,7.14,6.71,6.74,5773600
NG,20110927,7.70,7.84,7.00,7.01,4669600
NG,20110926,6.68,7.32,6.52,7.28,8531600
NG,20110923,6.93,7.14,6.72,6.82,4169300
NG,20110922,7.29,7.39,7.02,7.24,4352000
NG,20110921,8.11,8.35,7.80,7.80,2103600
NG,20110920,8.00,8.49,7.86,8.18,4095300
NG,20110919,8.16,8.21,7.82,7.88,2484900
NG,20110916,8.23,8.25,8.03,8.13,2129200
NG,20110915,8.46,8.50,7.82,8.16,5510900
NG,20110914,8.48,8.75,8.45,8.50,3229600
NG,20110913,8.73,8.77,8.54,8.54,3255700
NG,20110912,9.07,9.19,8.50,8.65,5955500
NG,20110909,9.40,9.75,9.03,9.16,5649100
NG,20110908,10.95,11.00,9.49,9.51,11342800
NG,20110907,10.78,10.84,10.44,10.72,3172100
NG,20110906,11.00,11.55,10.92,11.22,6767200
NG,20110902,10.47,10.97,10.36,10.91,4762000
NG,20110901,10.22,10.39,10.11,10.22,1089200
NG,20110831,10.29,10.49,10.02,10.30,2146500
NG,20110830,10.02,10.49,9.95,10.40,3190600
NG,20110829,9.97,10.08,9.73,9.90,1538600
NG,20110826,9.32,10.00,9.21,9.94,3076000
NG,20110825,9.09,9.65,9.01,9.31,2293500
NG,20110824,9.39,9.47,8.95,9.38,3078600
NG,20110823,9.77,9.94,9.40,9.55,2987000
NG,20110822,9.78,10.11,9.76,9.93,2822900
NG,20110819,9.60,9.98,9.45,9.56,2647600
NG,20110818,10.05,10.17,9.26,9.41,5475900
NG,20110817,9.99,10.25,9.85,9.87,1830200
NG,20110816,10.09,10.21,9.90,9.92,1716300
NG,20110815,9.77,10.17,9.67,10.11,1625600
NG,20110812,9.95,9.97,9.60,9.85,1744900
NG,20110811,10.08,10.15,9.61,10.07,3546100
NG,20110810,9.45,10.46,9.25,10.08,5857100
NG,20110809,9.03,9.53,8.90,9.50,3682700
NG,20110808,8.96,9.47,8.81,9.04,4741800
NG,20110805,9.40,9.60,8.76,9.04,3682200
NG,20110804,10.57,10.60,9.37,9.50,5393200
NG,20110803,10.61,10.70,10.27,10.54,3295100
NG,20110802,10.57,10.73,10.42,10.50,3515400
NG,20110801,9.99,10.56,9.94,10.45,3062700
NG,20110729,9.91,10.09,9.70,10.02,3441600
NG,20110728,10.06,10.24,9.75,9.95,3228700
NG,20110727,10.48,10.62,10.03,10.06,3712400
NG,20110726,10.21,10.42,10.15,10.35,1712100
NG,20110725,10.40,10.46,10.15,10.18,2132000
NG,20110722,10.31,10.50,10.18,10.24,2703600
NG,20110721,10.10,10.27,10.00,10.26,2284900
NG,20110720,10.27,10.36,10.05,10.13,2263900
NG,20110719,10.47,10.62,10.19,10.34,3367900
NG,20110718,10.19,10.52,10.11,10.49,4223300
NG,20110715,9.90,10.14,9.83,10.03,2176300
NG,20110714,10.53,10.55,9.76,9.85,3613100
NG,20110713,10.21,10.73,10.15,10.27,5866500
NG,20110712,9.61,10.13,9.51,9.91,4464700
NG,20110711,9.95,10.00,9.50,9.64,2534300
NG,20110708,10.11,10.28,9.89,9.93,2187600
NG,20110707,10.31,10.35,10.00,10.07,2293800
NG,20110706,10.22,10.35,10.09,10.22,4486000
NG,20110705,9.26,10.19,9.26,10.11,8884500
NG,20110701,9.13,9.17,8.93,9.07,1627800
NG,20110630,9.18,9.35,9.05,9.20,1548600
NG,20110629,9.08,9.30,8.94,9.11,2156000
NG,20110628,8.89,9.12,8.81,8.98,1878300
NG,20110627,8.63,8.94,8.40,8.90,3470500
NG,20110624,9.04,9.09,8.62,8.62,1888800
NG,20110623,9.12,9.12,8.74,9.01,3415300
NG,20110622,9.17,9.50,9.16,9.36,3701700
NG,20110621,8.79,9.17,8.72,9.16,3343600
NG,20110620,8.69,8.84,8.68,8.69,2129600
NG,20110617,8.72,8.93,8.69,8.80,2913200
NG,20110616,8.97,9.09,8.61,8.69,4071700
NG,20110615,9.35,9.53,8.95,9.04,4220300
NG,20110614,9.16,9.51,9.14,9.45,4077300
NG,20110613,9.61,9.67,9.04,9.15,6653900
NG,20110610,9.75,9.85,9.48,9.71,3853400
NG,20110609,10.34,10.35,9.80,9.88,7729300
NG,20110608,10.92,11.02,10.31,10.34,2763300
NG,20110607,10.94,11.21,10.92,11.05,1790800
NG,20110606,11.11,11.40,10.82,10.93,3358100
NG,20110603,11.02,11.39,10.96,11.19,2120600
NG,20110602,11.18,11.47,11.00,11.13,2145700
NG,20110601,11.40,11.60,11.19,11.23,2430100
NG,20110531,11.60,11.65,11.40,11.46,2210600
NG,20110527,11.37,11.57,11.35,11.52,2126100
NG,20110526,11.24,11.38,11.13,11.29,1653800
NG,20110525,11.26,11.50,11.14,11.26,2803800
NG,20110524,10.63,11.38,10.56,11.21,5614000
NG,20110523,10.30,10.66,10.25,10.55,2300000
NG,20110520,10.30,10.71,10.12,10.44,3309100
NG,20110519,10.37,10.45,10.20,10.30,1327500
NG,20110518,10.39,10.49,10.23,10.35,2249700
NG,20110517,10.11,10.34,9.99,10.30,3214400
NG,20110516,10.34,10.57,10.20,10.27,4768900
NG,20110513,10.39,10.78,10.20,10.34,3182200
NG,20110512,10.59,10.65,10.30,10.38,4380300
NG,20110511,11.07,11.08,10.70,10.73,5425200
NG,20110510,11.04,11.16,10.92,11.12,2562100
NG,20110509,11.03,11.22,10.90,11.09,2352000
NG,20110506,11.07,11.27,10.82,10.95,4598600
NG,20110505,11.70,11.79,10.78,10.84,8700000
NG,20110504,11.59,11.99,11.50,11.89,7715100
NG,20110503,12.05,12.06,11.55,11.69,7287500
NG,20110502,12.62,12.69,12.01,12.06,6615400
NG,20110429,13.02,13.02,12.72,12.85,3800000
NG,20110428,13.21,13.47,12.87,12.87,5858900
NG,20110427,12.78,13.23,12.51,13.23,3796400
NG,20110426,12.91,12.91,12.67,12.67,2800000
NG,20110425,13.37,13.41,12.85,12.91,2852500
NG,20110421,13.58,13.62,13.29,13.29,2121200
NG,20110420,13.33,13.64,13.28,13.59,4257900
NG,20110419,13.15,13.21,12.90,13.18,2200200
NG,20110418,13.23,13.39,12.84,13.11,3209200
NG,20110415,13.23,13.42,12.95,13.27,3064100
NG,20110414,13.00,13.26,12.87,13.22,2967100
NG,20110413,12.84,13.05,12.70,12.86,2091600
NG,20110412,13.12,13.25,12.61,12.82,3294500
NG,20110411,13.68,13.74,13.08,13.13,3403400
NG,20110408,13.70,13.98,13.50,13.76,5525700
NG,20110407,13.56,13.78,13.30,13.40,3177000
NG,20110406,14.02,14.02,13.52,13.60,5576700
NG,20110405,12.83,13.79,12.81,13.79,7403300
NG,20110404,13.00,13.12,12.85,12.88,1690700
NG,20110401,12.95,13.02,12.82,12.98,1848200
NG,20110331,13.05,13.06,12.89,13.00,3000600
NG,20110330,13.03,13.05,12.76,12.85,4017900
NG,20110329,12.49,12.85,12.36,12.74,3422000
NG,20110328,12.60,12.88,12.41,12.44,2538000
NG,20110325,12.90,13.05,12.63,12.72,1863400
NG,20110324,13.14,13.30,12.74,12.83,4788600
NG,20110323,12.55,13.27,12.53,13.12,4261400
NG,20110322,12.72,12.76,12.48,12.56,1737300
NG,20110321,12.66,12.88,12.60,12.78,2529300
NG,20110318,12.28,12.59,12.19,12.55,3704200
NG,20110317,12.28,12.44,12.01,12.16,2568300
NG,20110316,12.50,12.69,11.95,12.13,3848100
NG,20110315,11.88,12.60,11.54,12.57,3673800
NG,20110314,12.74,12.86,12.43,12.73,2612200
NG,20110311,12.18,12.84,11.90,12.74,4196700
NG,20110310,13.00,13.00,12.21,12.38,7809700
NG,20110309,13.47,13.57,13.11,13.21,3957800
NG,20110308,13.76,13.83,13.42,13.45,3854700
NG,20110307,14.45,14.45,13.71,13.91,4682900
NG,20110304,13.89,14.28,13.88,14.17,4899200
NG,20110303,14.08,14.08,13.55,13.85,6239400
NG,20110302,14.36,14.65,14.14,14.26,3991500
NG,20110301,13.80,14.38,13.75,14.35,4926500
NG,20110228,13.86,13.91,13.40,13.69,2436100
NG,20110225,13.22,13.89,13.20,13.81,3371300
NG,20110224,13.88,13.99,13.13,13.16,5054600
NG,20110223,14.07,14.30,13.53,13.78,5587700
NG,20110222,14.69,14.72,14.05,14.12,4091200
NG,20110218,14.57,14.85,14.33,14.40,4219400
NG,20110217,14.61,14.73,14.59,14.65,2682900
NG,20110216,14.75,14.75,14.39,14.66,2981400
NG,20110215,14.68,14.73,14.50,14.65,3054300
NG,20110214,14.40,14.61,14.35,14.39,3085800
NG,20110211,14.52,14.67,14.19,14.37,3862400
NG,20110210,14.11,14.50,13.92,14.50,3774000
NG,20110209,14.83,14.86,14.14,14.29,4428600
NG,20110208,14.90,14.90,14.61,14.80,5480400
NG,20110207,14.92,15.00,14.56,14.61,4301000
NG,20110204,14.75,15.14,14.67,14.73,6887300
NG,20110203,13.71,14.68,13.68,14.65,8329800
NG,20110202,13.70,13.83,13.47,13.62,2656600
NG,20110201,13.45,13.84,13.35,13.71,4435500
NG,20110131,13.79,13.83,13.25,13.29,4866300
NG,20110128,13.15,14.00,13.10,13.67,6220400
NG,20110127,13.87,13.87,13.11,13.20,4360600
NG,20110126,12.82,13.84,12.76,13.78,6293800
NG,20110125,13.03,13.10,12.61,12.88,5566400
NG,20110124,12.99,13.51,12.94,13.13,5916400
NG,20110121,13.41,13.51,12.85,12.93,7027100
NG,20110120,13.52,13.62,13.25,13.46,5693700
NG,20110119,14.14,14.24,13.75,13.80,4381900
NG,20110118,13.82,14.06,13.75,14.03,3550400
NG,20110114,13.80,13.86,13.55,13.63,6319200
NG,20110113,14.40,14.40,13.80,13.95,6718000
NG,20110112,14.00,14.50,13.90,14.14,8182000
NG,20110111,13.57,13.73,13.50,13.70,3734800
NG,20110110,13.15,13.42,13.01,13.38,2739700
NG,20110107,13.00,13.29,13.00,13.16,4524300
NG,20110106,13.62,13.62,13.06,13.06,5501500
NG,20110105,13.25,13.75,13.00,13.62,7203000
NG,20110104,13.75,13.88,12.80,13.42,10848400
NG,20110103,14.32,14.32,13.80,14.10,5087200
NG,20101231,14.41,14.47,14.19,14.27,2042600
NG,20101230,14.48,14.48,14.26,14.38,2170500
NG,20101229,14.54,14.62,14.28,14.35,2575500
NG,20101228,14.56,14.84,14.40,14.50,3767100
NG,20101227,14.27,14.38,14.04,14.24,1739800
NG,20101223,13.92,14.40,13.85,14.20,2673100
NG,20101222,14.50,14.53,14.05,14.05,3399000
NG,20101221,14.62,14.70,14.22,14.57,4350300
NG,20101220,14.25,14.75,13.97,14.58,5701200
NG,20101217,13.68,14.22,13.42,14.22,12526700
NG,20101216,13.76,13.82,13.15,13.52,9159600
NG,20101215,14.12,14.37,13.83,13.94,11847600
NG,20101214,14.90,14.90,14.28,14.45,6783300
NG,20101213,15.57,15.61,14.77,14.79,7045800
NG,20101210,15.10,15.27,14.68,15.10,4524600
NG,20101209,15.51,15.76,15.15,15.25,4286400
NG,20101208,15.80,15.80,14.96,15.36,7676700
NG,20101207,16.85,16.90,15.84,16.02,9204800
NG,20101206,15.00,16.37,14.93,16.19,9078400
NG,20101203,14.64,14.95,14.60,14.92,5580700
NG,20101202,14.64,14.76,14.47,14.48,4379800
NG,20101201,14.64,14.75,14.33,14.58,4054100
NG,20101130,14.20,14.80,14.11,14.39,5341500
NG,20101129,14.19,14.25,13.90,14.10,3921600
NG,20101126,14.02,14.32,13.77,14.25,1959800
NG,20101124,14.49,14.60,14.32,14.33,3091100
NG,20101123,14.51,14.67,14.29,14.58,3326100
NG,20101122,14.55,14.78,14.41,14.65,5128600
NG,20101119,14.17,14.66,14.02,14.60,4269200
NG,20101118,14.96,15.00,14.33,14.36,6288000
NG,20101117,13.49,14.53,13.41,14.40,10243600
NG,20101116,13.82,13.85,13.10,13.47,12400100
NG,20101115,14.55,14.75,14.12,14.18,5310400
NG,20101112,15.05,15.19,14.20,14.66,10381900
NG,20101111,14.80,15.29,14.50,15.05,8755200
NG,20101110,14.30,14.67,13.56,14.59,9660600
NG,20101109,15.09,15.42,13.75,14.27,20892900
NG,20101108,13.53,14.73,13.51,14.60,8421000
NG,20101105,12.90,13.48,12.86,13.36,6844500
NG,20101104,12.68,12.99,12.61,12.88,8795100
NG,20101103,11.97,12.19,11.55,12.18,7901200
NG,20101102,11.90,12.10,11.66,11.91,5799400
NG,20101101,11.44,11.69,11.20,11.62,8078600
NG,20101029,10.79,11.29,10.68,11.22,6909700
NG,20101028,10.01,10.67,9.78,10.62,5665700
NG,20101027,9.83,9.90,9.52,9.86,2362900
NG,20101026,10.02,10.13,9.80,9.94,2534600
NG,20101025,9.77,10.19,9.77,10.10,4701000
NG,20101022,8.99,9.62,8.92,9.57,2782900
NG,20101021,9.08,9.27,8.80,9.01,2955700
NG,20101020,8.74,9.21,8.74,9.18,2484800
NG,20101019,8.95,8.95,8.57,8.61,4031200
NG,20101018,9.35,9.42,9.16,9.31,2115700
NG,20101015,9.52,9.71,9.36,9.47,2569900
NG,20101014,9.63,9.87,9.51,9.56,2300400
NG,20101013,9.49,9.65,9.40,9.59,2746800
NG,20101012,9.29,9.46,9.12,9.22,2137100
NG,20101011,9.22,9.45,9.06,9.45,1920300
NG,20101008,9.21,9.32,9.08,9.25,2792900
NG,20101007,9.74,9.74,9.03,9.16,3658700
NG,20101006,9.28,9.76,9.28,9.54,3653900
NG,20101005,8.89,9.33,8.89,9.18,3765800
NG,20101004,8.80,8.81,8.62,8.70,1719500
NG,20101001,8.89,8.90,8.66,8.89,2096600
NG,20100930,9.10,9.14,8.41,8.74,3868100
NG,20100929,9.01,9.20,8.92,8.94,2197900
NG,20100928,8.50,9.00,8.38,9.00,2779100
NG,20100927,8.66,8.79,8.61,8.62,1289100
NG,20100924,8.74,8.85,8.68,8.69,1747300
NG,20100923,8.58,8.85,8.49,8.68,1640400
NG,20100922,8.73,8.82,8.56,8.63,2085900
NG,20100921,8.58,8.68,8.25,8.55,3429400
NG,20100920,8.80,8.88,8.55,8.62,3466200
NG,20100917,8.87,8.94,8.66,8.72,6211200
NG,20100916,8.68,8.89,8.63,8.82,3663200
NG,20100915,8.48,8.62,8.38,8.56,3794700
NG,20100914,8.20,8.65,8.15,8.56,4770200
NG,20100913,7.60,8.16,7.60,8.03,4205800
NG,20100910,7.36,7.73,7.36,7.65,1567200
NG,20100909,7.58,7.67,7.36,7.47,2169000
NG,20100908,7.72,7.79,7.58,7.58,1853700
NG,20100907,7.58,7.74,7.48,7.63,2132500
NG,20100903,7.21,7.46,7.10,7.43,1626700
NG,20100902,7.32,7.40,7.20,7.31,2048200
NG,20100901,7.55,7.59,7.23,7.28,2640300
NG,20100831,7.16,7.44,7.08,7.43,5071600
NG,20100830,7.11,7.25,7.03,7.07,2358500
NG,20100827,6.73,7.12,6.67,7.11,3001300
NG,20100826,6.64,6.77,6.62,6.64,1370300
NG,20100825,6.43,6.64,6.38,6.63,1440800
NG,20100824,6.47,6.59,6.30,6.41,1351000
NG,20100823,6.74,6.78,6.56,6.58,812400
NG,20100820,6.70,6.89,6.52,6.79,1348400
NG,20100819,6.84,6.95,6.76,6.82,1492200
NG,20100818,6.74,6.88,6.60,6.85,1470100
NG,20100817,6.82,6.85,6.75,6.80,1774900
NG,20100816,6.68,6.76,6.57,6.75,1080500
NG,20100813,6.80,6.80,6.54,6.57,1035400
NG,20100812,6.45,6.75,6.43,6.71,1921200
NG,20100811,6.48,6.48,6.31,6.35,2018600
NG,20100810,6.46,6.59,6.34,6.50,1376100
NG,20100809,6.54,6.59,6.41,6.58,1087300
NG,20100806,6.45,6.57,6.41,6.46,1159600
NG,20100805,6.43,6.56,6.35,6.40,1977700
NG,20100804,6.33,6.50,6.33,6.43,2092300
NG,20100803,6.22,6.30,6.17,6.25,1438000
NG,20100802,6.29,6.29,6.09,6.16,1029800
NG,20100730,5.98,6.19,5.98,6.19,1406800
NG,20100729,6.15,6.17,5.98,5.98,1688500
NG,20100728,5.84,6.10,5.81,6.09,1684100
NG,20100727,6.19,6.19,5.89,5.89,3184100
NG,20100726,6.45,6.45,6.21,6.21,1364100
NG,20100723,6.34,6.43,6.27,6.42,1587400
NG,20100722,6.35,6.50,6.25,6.33,2036400
NG,20100721,6.40,6.48,6.26,6.39,1661200
NG,20100720,6.18,6.44,6.12,6.44,2482400
NG,20100719,6.40,6.41,6.01,6.22,2935900
NG,20100716,6.49,6.49,6.23,6.48,2120000
NG,20100715,6.79,6.79,6.43,6.54,1472700
NG,20100714,6.44,6.67,6.30,6.64,2923900
NG,20100713,6.55,6.63,6.44,6.52,1594000
NG,20100712,6.51,6.57,6.32,6.40,1200200
NG,20100709,6.37,6.58,6.32,6.49,2004900
NG,20100708,6.50,6.53,6.24,6.28,2232700
NG,20100707,6.10,6.43,6.10,6.41,1972800
NG,20100706,6.49,6.49,6.09,6.15,2745300
NG,20100702,6.49,6.63,6.32,6.42,2176200
NG,20100701,6.82,6.84,6.01,6.26,6782800
NG,20100630,7.11,7.14,6.82,6.98,3145300
NG,20100629,7.38,7.42,7.00,7.09,2402700
NG,20100628,7.39,7.79,7.39,7.47,3587800
NG,20100625,7.32,7.47,7.26,7.37,2591700
NG,20100624,7.28,7.33,7.12,7.25,1897200
NG,20100623,7.03,7.32,6.98,7.25,1810700
NG,20100622,7.22,7.36,7.09,7.14,1930100
NG,20100621,7.50,7.51,7.08,7.08,2647900
NG,20100618,7.04,7.52,7.02,7.36,7958300
NG,20100617,7.00,7.04,6.85,6.91,2779300
NG,20100616,6.95,7.02,6.82,6.82,2412000
NG,20100615,6.92,7.03,6.74,6.99,2554700
NG,20100614,6.92,6.98,6.80,6.83,1371000
NG,20100611,7.03,7.15,6.85,6.90,1988500
NG,20100610,6.99,7.10,6.86,7.02,1831300
NG,20100609,7.16,7.24,6.93,7.04,1664100
NG,20100608,7.10,7.28,6.96,7.22,3358400
NG,20100607,6.75,7.10,6.63,6.94,2593400
NG,20100604,6.84,7.06,6.76,6.76,1996400
NG,20100603,7.23,7.23,6.76,7.01,3006000
NG,20100602,7.03,7.23,6.86,7.21,2095800
NG,20100601,7.23,7.37,7.01,7.02,1794900
NG,20100528,7.35,7.46,7.12,7.17,1377500
NG,20100527,7.14,7.40,7.14,7.36,2163200
NG,20100526,7.50,7.66,7.01,7.02,3061200
NG,20100525,6.67,7.28,6.66,7.26,3160300
NG,20100524,6.96,7.21,6.94,6.98,2908800
NG,20100521,6.40,6.99,6.11,6.72,4595700
NG,20100520,6.95,7.05,6.54,6.60,7456700
NG,20100519,7.78,7.81,7.01,7.23,5802500
NG,20100518,8.02,8.21,7.76,7.99,3074700
NG,20100517,8.26,8.36,7.86,8.03,1945400
NG,20100514,8.56,8.62,7.86,8.37,3212300
NG,20100513,8.68,8.83,8.35,8.49,2949400
NG,20100512,8.97,9.05,8.56,8.69,4517500
NG,20100511,8.63,8.81,8.45,8.73,4869500
NG,20100510,7.83,8.34,7.78,8.34,3496200
NG,20100507,8.14,8.17,7.56,7.69,4065900
NG,20100506,7.84,8.42,7.43,7.99,6553400
NG,20100505,8.26,8.26,7.68,7.99,6783400
NG,20100504,8.96,9.02,8.15,8.48,4193700
NG,20100503,8.91,9.11,8.69,8.99,2895100
NG,20100430,8.93,9.18,8.68,8.85,4092300
NG,20100429,8.78,8.98,8.60,8.85,3591900
NG,20100428,8.20,8.77,8.20,8.61,5048500
NG,20100427,7.68,8.19,7.61,8.14,3381800
NG,20100426,8.12,8.12,7.75,7.80,2654900
NG,20100423,7.62,8.10,7.56,8.07,4133600
NG,20100422,7.36,7.78,7.36,7.58,604900
NG,20100421,7.42,7.54,7.31,7.49,1333600
NG,20100420,7.52,7.58,7.39,7.44,1311200
NG,20100419,7.46,7.57,7.30,7.37,2086400
NG,20100416,7.72,7.72,7.30,7.50,3025700
NG,20100415,7.77,7.94,7.70,7.76,1194700
NG,20100414,7.86,7.89,7.69,7.78,1407700
NG,20100413,7.74,7.85,7.59,7.75,1747400
NG,20100412,7.80,7.87,7.61,7.69,1394500
NG,20100409,7.86,7.90,7.75,7.79,2094000
NG,20100408,7.88,7.88,7.60,7.77,1808000
NG,20100407,7.55,7.85,7.55,7.76,3133600
NG,20100406,7.66,7.66,7.54,7.60,1111600
NG,20100405,7.66,7.70,7.51,7.57,1648500
NG,20100401,7.24,7.61,7.20,7.61,2457500
NG,20100331,7.25,7.25,7.06,7.14,1613300
NG,20100330,7.36,7.36,7.12,7.14,1286000
NG,20100329,7.26,7.40,7.22,7.33,1900000
NG,20100326,7.17,7.31,6.92,7.20,3494400
NG,20100325,7.47,7.55,7.15,7.18,2492200
NG,20100324,7.64,7.64,7.34,7.35,2479700
NG,20100323,7.64,7.83,7.51,7.76,2852800
NG,20100322,7.21,7.65,7.20,7.60,2163000
NG,20100319,7.50,7.50,7.20,7.38,3126900
NG,20100318,7.55,7.65,7.36,7.45,2349000
NG,20100317,7.47,7.62,7.47,7.54,1841900
NG,20100316,7.29,7.50,7.23,7.50,2425600
NG,20100315,7.23,7.25,7.04,7.14,2016100
NG,20100312,7.37,7.42,7.22,7.23,2325700
NG,20100311,6.97,7.53,6.80,7.23,7082400
NG,20100310,6.89,7.09,6.74,6.89,5340300
NG,20100309,6.33,6.90,6.17,6.88,5506500
NG,20100308,6.37,6.50,6.29,6.30,2274400
NG,20100305,5.99,6.38,5.98,6.35,3878400
NG,20100304,6.08,6.14,6.01,6.14,1652300
NG,20100303,6.07,6.18,6.00,6.09,2189300
NG,20100302,6.09,6.17,5.89,5.94,2242000
NG,20100301,5.79,6.05,5.78,6.04,2692300
NG,20100226,5.73,5.89,5.62,5.82,1492600
NG,20100225,5.36,5.70,5.29,5.69,3297200
NG,20100224,5.66,5.80,5.53,5.57,2143000
NG,20100223,5.80,5.86,5.61,5.72,2540400
NG,20100222,5.91,5.98,5.82,5.89,1624700
NG,20100219,5.82,5.97,5.72,5.84,2837100
NG,20100218,6.01,6.09,5.77,5.87,2486000
NG,20100217,5.99,6.17,5.96,5.99,2347400
NG,20100216,6.28,6.30,6.03,6.06,3159100
NG,20100212,5.89,6.20,5.78,6.05,2243300
NG,20100211,5.80,6.10,5.70,6.10,2497100
NG,20100210,5.87,5.95,5.61,5.73,2545400
NG,20100209,5.73,6.05,5.73,5.90,3850600
NG,20100208,5.58,5.78,5.42,5.59,2525300
NG,20100205,5.09,5.60,4.96,5.59,4653300
NG,20100204,5.65,5.65,5.23,5.28,3052600
NG,20100203,5.79,5.94,5.70,5.79,1789200
NG,20100202,5.86,5.93,5.72,5.76,2153900
NG,20100201,5.30,5.69,5.24,5.66,2322500
NG,20100129,5.40,5.56,5.20,5.26,2527500
NG,20100128,5.75,5.82,5.30,5.44,3026600
NG,20100127,5.91,6.03,5.57,5.67,2363800
NG,20100126,5.63,6.09,5.58,5.97,3148000
NG,20100125,5.73,5.85,5.67,5.76,3047000
NG,20100122,5.57,5.80,5.48,5.65,4543900
NG,20100121,6.06,6.19,5.62,5.63,5581800
NG,20100120,6.21,6.30,6.10,6.14,2413900
NG,20100119,6.28,6.48,6.28,6.41,1465200
NG,20100115,6.46,6.46,6.24,6.27,1700300
NG,20100114,6.55,6.64,6.29,6.49,2127500
NG,20100113,6.50,6.56,6.02,6.54,3234400
NG,20100112,6.77,6.85,6.38,6.45,2750800
NG,20100111,6.79,6.98,6.76,6.85,3193500
NG,20100108,6.60,6.70,6.46,6.65,1874200
NG,20100107,6.60,6.66,6.38,6.56,1734800
NG,20100106,6.45,6.70,6.35,6.58,2688200
NG,20100105,6.48,6.48,6.22,6.38,3169700
NG,20100104,6.32,6.41,6.20,6.32,3256100
NG,20091231,6.00,6.13,5.92,6.13,2424600
NG,20091230,6.01,6.03,5.83,5.89,2307900
NG,20091229,6.24,6.30,6.06,6.10,1770300
NG,20091228,6.56,6.56,6.16,6.21,2763900
NG,20091224,6.69,6.78,6.39,6.49,3354200
NG,20091223,5.74,6.76,5.71,6.58,11502300
NG,20091222,5.27,5.72,5.25,5.71,3895300
NG,20091221,5.34,5.39,5.17,5.29,3119000
NG,20091218,5.16,5.41,5.04,5.13,4511600
NG,20091217,5.33,5.33,5.04,5.07,3252400
NG,20091216,5.47,5.55,5.41,5.46,1885300
NG,20091215,5.43,5.53,5.35,5.36,2134500
NG,20091214,5.49,5.60,5.30,5.45,2766800
NG,20091211,5.65,5.68,5.41,5.51,2436600
NG,20091210,5.75,5.82,5.51,5.60,2645600
NG,20091209,5.50,5.79,5.45,5.70,3510000
NG,20091208,5.74,5.74,5.35,5.45,3453300
NG,20091207,5.75,6.02,5.51,5.78,4773300
NG,20091204,6.13,6.20,5.90,6.10,6127400
NG,20091203,6.60,6.81,6.20,6.35,5943000
NG,20091202,6.16,6.58,6.05,6.50,7090500
NG,20091201,5.81,6.00,5.74,5.97,4049700
NG,20091130,5.48,5.77,5.47,5.59,2638600
NG,20091127,5.33,5.68,5.28,5.48,3000000
NG,20091125,5.58,5.90,5.54,5.84,4136600
NG,20091124,5.30,5.52,5.28,5.46,3032300
NG,20091123,5.47,5.51,5.18,5.30,2757300
NG,20091120,5.30,5.30,5.10,5.27,1623400
NG,20091119,5.30,5.40,5.03,5.33,2670500
NG,20091118,5.53,5.63,5.29,5.36,3357300
NG,20091117,5.31,5.51,5.30,5.48,1833300
NG,20091116,5.40,5.47,5.31,5.43,3344400
NG,20091113,5.20,5.38,5.11,5.27,1816100
NG,20091112,5.34,5.35,5.08,5.20,2396200
NG,20091111,5.45,5.52,5.30,5.37,1940000
NG,20091110,5.26,5.42,5.13,5.24,2231900
NG,20091109,5.39,5.47,5.29,5.36,3270700
NG,20091106,5.02,5.30,4.99,5.18,2989000
NG,20091105,5.12,5.14,4.92,4.98,1700100
NG,20091104,5.20,5.28,4.91,5.09,4586900
NG,20091103,4.31,4.97,4.31,4.97,4241200
NG,20091102,4.48,4.74,4.22,4.39,3199300
NG,20091030,4.42,4.56,4.13,4.30,3343900
NG,20091029,4.23,4.62,4.23,4.58,2779800
NG,20091028,4.40,4.56,4.09,4.13,3291500
NG,20091027,4.60,4.61,4.40,4.55,1892300
NG,20091026,4.91,5.06,4.47,4.58,4089500
NG,20091023,5.18,5.23,4.95,4.97,2248100
NG,20091022,5.26,5.30,5.02,5.05,2874900
NG,20091021,5.28,5.50,5.25,5.28,2531200
NG,20091020,5.61,5.61,5.20,5.30,2430800
NG,20091019,5.74,5.74,5.53,5.56,2707000
NG,20091016,5.55,5.69,5.40,5.66,2293400
NG,20091015,5.54,5.62,5.42,5.55,3236500
NG,20091014,6.10,6.11,5.61,5.74,6046900
NG,20091013,5.78,6.15,5.66,6.02,5359400
NG,20091012,5.60,5.77,5.51,5.61,2498300
NG,20091009,5.42,5.54,5.31,5.49,2105300
NG,20091008,5.50,5.70,5.42,5.51,3324300
NG,20091007,5.41,5.54,5.32,5.47,2542100
NG,20091006,5.35,5.53,5.25,5.40,5103000
NG,20091005,4.78,5.17,4.78,5.10,2407700
NG,20091002,4.71,5.02,4.66,4.85,2247900
NG,20091001,5.04,5.14,4.74,4.88,2549400
NG,20090930,5.06,5.22,4.87,5.12,2795000
NG,20090929,4.83,5.02,4.83,4.99,1961100
NG,20090928,4.71,5.03,4.71,4.77,1696100
NG,20090925,4.80,4.94,4.66,4.83,1800100
NG,20090924,5.20,5.23,4.81,4.90,2902700
NG,20090923,5.41,5.41,5.03,5.08,2559900
NG,20090922,5.40,5.42,5.25,5.28,3388000
NG,20090921,4.88,5.19,4.67,5.15,6063700
NG,20090918,5.27,5.42,4.83,5.11,3523300
NG,20090917,5.60,5.68,5.14,5.35,3886400
NG,20090916,5.50,5.74,5.46,5.62,3828800
NG,20090915,5.12,5.41,5.02,5.30,2888200
NG,20090914,5.05,5.16,4.98,5.14,3006000
NG,20090911,4.85,5.24,4.85,5.21,8447000
NG,20090910,4.32,4.74,4.32,4.68,2093600
NG,20090909,4.76,4.76,4.30,4.44,2662300
NG,20090908,4.83,4.94,4.50,4.56,3894200
NG,20090904,4.42,4.65,4.21,4.57,2324600
NG,20090903,4.69,4.85,4.20,4.42,7780900
NG,20090902,3.80,4.62,3.76,4.62,6330500
NG,20090901,3.79,3.98,3.68,3.73,1182300
NG,20090831,3.86,3.91,3.63,3.89,1502700
NG,20090828,3.87,3.95,3.81,3.91,1859500
NG,20090827,3.56,3.84,3.50,3.73,1702100
NG,20090826,3.63,3.63,3.52,3.57,687800
NG,20090825,3.61,3.61,3.50,3.58,870900
NG,20090824,3.76,3.76,3.46,3.47,1402600
NG,20090821,3.83,3.83,3.65,3.66,1023000
NG,20090820,3.49,3.65,3.48,3.62,1312700
NG,20090819,3.50,3.57,3.33,3.52,1309500
NG,20090818,3.58,3.60,3.39,3.45,1772200
NG,20090817,3.57,3.63,3.44,3.59,3746100
NG,20090814,3.89,3.90,3.70,3.77,2847800
NG,20090813,3.85,3.93,3.78,3.93,1538000
NG,20090812,3.64,3.79,3.64,3.72,1220000
NG,20090811,3.65,3.74,3.63,3.65,1646300
NG,20090810,3.69,3.77,3.62,3.73,1708600
NG,20090807,3.90,3.93,3.77,3.82,1044000
NG,20090806,4.08,4.14,3.78,3.87,1902200
NG,20090805,4.28,4.28,4.00,4.01,1634300
NG,20090804,4.05,4.28,4.05,4.28,1718700
NG,20090803,4.24,4.25,4.02,4.09,1601400
NG,20090731,3.88,4.14,3.86,4.07,1684200
NG,20090730,3.90,4.00,3.85,3.86,1509400
NG,20090729,3.94,3.94,3.70,3.81,1160400
NG,20090728,4.05,4.05,3.83,3.88,1468700
NG,20090727,4.27,4.29,4.08,4.11,1125300
NG,20090724,4.12,4.25,4.05,4.18,1060000
NG,20090723,4.18,4.19,4.01,4.09,1492900
NG,20090722,4.07,4.30,4.03,4.12,1671000
NG,20090721,4.35,4.49,4.12,4.18,2081800
NG,20090720,4.25,4.44,4.17,4.33,1698400
NG,20090717,4.22,4.26,4.05,4.06,640700
NG,20090716,4.17,4.23,4.00,4.20,1093900
NG,20090715,4.53,4.55,4.19,4.21,2221300
NG,20090714,4.22,4.41,4.15,4.17,1609400
NG,20090713,3.67,4.08,3.56,4.08,1834400
NG,20090710,3.65,3.87,3.54,3.66,1634100
NG,20090709,3.86,4.05,3.66,3.68,2595400
NG,20090708,4.07,4.12,3.75,3.82,2653300
NG,20090707,4.19,4.25,4.08,4.15,1211800
NG,20090706,4.21,4.27,4.06,4.19,1517200
NG,20090702,4.31,4.47,4.21,4.42,706400
NG,20090701,4.37,4.66,4.34,4.45,1563900
NG,20090630,4.39,4.52,4.28,4.28,1187100
NG,20090629,4.61,4.68,4.46,4.50,924600
NG,20090626,4.81,4.88,4.55,4.60,1680900
NG,20090625,4.57,4.85,4.55,4.78,1282300
NG,20090624,4.67,4.72,4.42,4.50,2266400
NG,20090623,4.10,4.34,3.85,4.25,2381600
NG,20090622,4.45,4.50,4.09,4.10,2289300
NG,20090619,4.58,4.78,4.52,4.63,2116800
NG,20090618,4.88,4.91,4.51,4.56,1987400
NG,20090617,5.10,5.14,4.70,4.91,3117300
NG,20090616,5.03,5.21,4.81,5.14,3431100
NG,20090615,4.75,5.07,4.50,4.76,5022000
NG,20090612,4.68,4.83,4.41,4.63,1788400
NG,20090611,4.55,4.82,4.41,4.73,3772400
NG,20090610,5.14,5.14,4.60,4.66,3136100
NG,20090609,5.24,5.25,4.99,5.00,1478900
NG,20090608,4.86,5.06,4.72,5.05,2500700
NG,20090605,5.11,5.34,4.92,5.16,2720700
NG,20090604,5.24,5.54,5.13,5.47,3096800
NG,20090603,5.69,5.71,4.71,5.01,5464300
NG,20090602,5.47,5.97,5.26,5.78,4008800
NG,20090601,5.25,5.57,5.13,5.28,3133800
NG,20090529,4.95,5.30,4.86,5.13,4423400
NG,20090528,4.50,4.72,4.40,4.70,2154400
NG,20090527,4.34,4.51,4.15,4.42,2113100
NG,20090526,3.95,4.29,3.73,4.29,2172600
NG,20090522,4.17,4.26,4.02,4.04,1071200
NG,20090521,4.11,4.24,3.81,4.11,2359100
NG,20090520,3.90,4.20,3.90,4.06,2356300
NG,20090519,3.61,3.89,3.61,3.86,1789000
NG,20090518,3.76,3.76,3.41,3.62,1338900
NG,20090515,3.26,3.76,3.26,3.64,2937400
NG,20090514,3.39,3.43,3.20,3.36,1341000
NG,20090513,3.47,3.58,3.25,3.35,2570500
NG,20090512,3.10,3.54,3.05,3.54,3488100
NG,20090511,2.92,3.09,2.90,3.09,994300
NG,20090508,2.82,2.98,2.81,2.95,1041300
NG,20090507,2.83,2.92,2.80,2.80,1306500
NG,20090506,2.82,2.88,2.81,2.82,756800
NG,20090505,2.89,2.89,2.75,2.82,970000
NG,20090504,2.73,2.89,2.73,2.83,1539100
NG,20090501,2.66,2.80,2.66,2.77,865800
NG,20090430,2.68,2.74,2.62,2.73,1071700
NG,20090429,2.80,2.80,2.71,2.74,867100
NG,20090428,2.54,2.72,2.50,2.70,1313200
NG,20090427,2.59,2.78,2.59,2.67,1862600
NG,20090424,2.57,2.74,2.49,2.65,1794000
NG,20090423,2.35,2.60,2.33,2.49,1538200
NG,20090422,2.35,2.46,2.24,2.31,1569800
NG,20090421,2.23,2.35,2.15,2.35,612000
NG,20090420,2.36,2.47,2.21,2.23,1569500
NG,20090417,2.45,2.45,2.29,2.34,1112200
NG,20090416,2.54,2.60,2.40,2.44,1139600
NG,20090415,2.72,2.72,2.55,2.60,1191000
NG,20090414,2.73,2.84,2.70,2.73,581100
NG,20090413,2.80,2.87,2.78,2.83,695600
NG,20090409,2.81,2.88,2.73,2.77,899000
NG,20090408,2.89,2.92,2.77,2.80,798900
NG,20090407,2.94,2.94,2.70,2.76,1063800
NG,20090406,2.79,2.88,2.62,2.79,1569800
NG,20090403,2.99,2.99,2.83,2.92,1501400
NG,20090402,2.90,3.02,2.77,3.00,1731100
NG,20090401,2.88,2.95,2.81,2.94,1358700
NG,20090331,2.83,2.86,2.68,2.76,1340500
NG,20090330,2.59,2.80,2.55,2.74,2222200
NG,20090327,2.50,2.69,2.50,2.68,1221400
NG,20090326,2.77,2.77,2.52,2.52,1724300
NG,20090325,2.64,2.75,2.47,2.67,2408000
NG,20090324,2.27,2.58,2.17,2.55,2715500
NG,20090323,2.36,2.49,2.32,2.32,2548400
NG,20090320,2.60,2.60,2.36,2.36,1702600
NG,20090319,2.76,2.81,2.54,2.58,3908300
NG,20090318,2.27,2.57,2.11,2.51,2613800
NG,20090317,2.44,2.44,2.17,2.25,1345500
NG,20090316,2.45,2.47,2.32,2.40,1114200
NG,20090313,2.60,2.61,2.40,2.46,1026600
NG,20090312,2.50,2.65,2.48,2.48,1541200
NG,20090311,2.46,2.62,2.38,2.60,1590900
NG,20090310,2.54,2.54,2.35,2.43,1328100
NG,20090309,2.77,2.79,2.38,2.54,1454700
NG,20090306,2.89,2.98,2.64,2.70,1978800
NG,20090305,2.64,2.93,2.59,2.82,2276600
NG,20090304,2.65,2.75,2.54,2.58,1291300
NG,20090303,2.54,2.74,2.45,2.60,1672400
NG,20090302,2.93,2.95,2.52,2.54,2149500
NG,20090227,2.97,3.14,2.80,2.86,2163400
NG,20090226,2.86,3.10,2.77,2.93,2996800
NG,20090225,2.57,2.90,2.55,2.80,3259400
NG,20090224,2.98,2.98,2.36,2.69,4159600
NG,20090223,3.19,3.20,2.95,3.01,1651400
NG,20090220,3.24,3.45,3.02,3.18,3327800
NG,20090219,3.56,3.64,2.97,2.97,3106200
NG,20090218,3.70,3.75,3.40,3.62,1721600
NG,20090217,3.80,3.87,3.65,3.66,2384300
NG,20090213,3.42,3.65,3.34,3.64,1883300
NG,20090212,3.50,3.52,3.36,3.45,1271700
NG,20090211,3.60,3.60,3.36,3.52,2031200
NG,20090210,3.61,3.72,3.27,3.35,2255200
NG,20090209,3.40,3.50,3.30,3.41,1665200
NG,20090206,3.68,3.72,3.47,3.57,2756500
NG,20090205,3.79,3.79,3.60,3.70,2622200
NG,20090204,3.52,3.74,3.50,3.61,2924100
NG,20090203,3.36,3.63,3.30,3.51,4354600
NG,20090202,3.38,3.46,2.87,3.29,4752400
NG,20090130,3.61,3.83,3.30,3.50,7098000
NG,20090129,2.90,3.60,2.73,3.45,9153400
NG,20090128,2.55,2.95,2.55,2.93,4506500
NG,20090127,2.60,2.70,2.40,2.61,2664000
NG,20090126,2.45,2.75,2.40,2.66,5918100
NG,20090123,1.99,2.32,1.95,2.24,5110200
NG,20090122,1.75,1.92,1.69,1.90,3380700
NG,20090121,1.64,1.85,1.53,1.81,3244000
NG,20090120,1.82,2.00,1.41,1.68,6504500
NG,20090116,1.71,1.99,1.47,1.84,3460700
NG,20090115,1.35,1.48,1.26,1.47,2245600
NG,20090114,1.51,1.52,1.29,1.31,1682400
NG,20090113,1.56,1.76,1.46,1.51,1903500
NG,20090112,1.80,1.80,1.44,1.56,2654700
NG,20090109,2.03,2.08,1.78,1.82,1705400
NG,20090108,2.18,2.18,1.96,2.01,3399400
NG,20090107,2.41,2.41,1.84,2.05,5850100
NG,20090106,1.89,2.52,1.81,2.22,5352600
NG,20090105,1.56,1.89,1.53,1.80,2125100
NG,20090102,1.56,1.66,1.48,1.58,2734500
NG,20081231,1.37,1.52,1.33,1.47,1550400
NG,20081230,1.50,1.50,1.36,1.46,1116900
NG,20081229,1.52,1.63,1.43,1.48,1903800
NG,20081226,1.50,1.68,1.14,1.34,2535500
NG,20081224,1.39,1.49,1.34,1.44,692500
NG,20081223,1.52,1.52,1.36,1.43,1461200
NG,20081222,1.53,1.59,1.37,1.52,2770400
NG,20081219,1.70,1.79,1.26,1.28,4863300
NG,20081218,2.57,2.66,1.66,1.86,6400900
NG,20081217,1.95,2.95,1.85,2.41,10351700
NG,20081216,1.72,1.78,1.39,1.72,5351000
NG,20081215,0.90,1.65,0.86,1.34,5861400
NG,20081212,0.80,0.80,0.70,0.77,1634800
NG,20081211,0.53,0.93,0.50,0.82,4834900
NG,20081210,0.50,0.51,0.46,0.48,878800
NG,20081209,0.45,0.48,0.44,0.48,1323500
NG,20081208,0.47,0.50,0.45,0.46,1000400
NG,20081205,0.47,0.48,0.40,0.45,1086000
NG,20081204,0.49,0.49,0.44,0.47,1034400
NG,20081203,0.48,0.49,0.41,0.46,1801200
NG,20081202,0.50,0.54,0.42,0.45,2360000
NG,20081201,0.58,0.58,0.48,0.50,1168700
NG,20081128,0.57,0.59,0.54,0.57,1345900
NG,20081126,0.58,0.58,0.50,0.57,1616100
NG,20081125,0.62,0.64,0.50,0.56,3833200
NG,20081124,1.87,2.40,0.37,0.58,20280500
NG,20081121,1.42,1.70,1.38,1.70,2135700
NG,20081120,2.05,2.07,1.30,1.30,1693900
NG,20081119,2.00,2.30,2.00,2.04,698800
NG,20081118,2.10,2.24,2.01,2.13,825900
NG,20081117,2.13,2.32,2.10,2.10,763500
NG,20081114,2.50,2.62,2.20,2.24,850500
NG,20081113,2.35,2.47,2.11,2.40,908500
NG,20081112,2.73,2.73,2.35,2.37,657500
NG,20081111,3.06,3.06,2.76,2.78,410800
NG,20081110,3.11,3.34,2.97,3.12,451500
NG,20081107,3.00,3.26,2.93,3.06,551200
NG,20081106,3.37,3.62,2.85,2.95,1002200
NG,20081105,3.40,3.64,3.24,3.33,786500
NG,20081104,3.00,3.30,2.97,3.28,872600
NG,20081103,3.08,3.09,2.80,2.87,597600
NG,20081031,3.01,3.01,2.60,2.81,1040800
NG,20081030,3.06,3.06,2.65,2.92,804000
NG,20081029,2.74,2.95,2.53,2.75,1181600
NG,20081028,2.34,2.55,2.11,2.50,825800
NG,20081027,2.30,2.58,2.22,2.22,579700
NG,20081024,2.16,2.93,2.00,2.44,1652500
NG,20081023,2.66,2.83,2.35,2.45,1339000
NG,20081022,3.15,3.15,2.80,2.83,997300
NG,20081021,3.44,3.44,3.11,3.13,936900
NG,20081020,3.44,3.44,3.22,3.40,902200
NG,20081017,3.27,3.49,3.15,3.24,1102400
NG,20081016,4.01,4.40,3.28,3.37,1715500
NG,20081015,4.35,4.60,4.00,4.40,962100
NG,20081014,4.03,4.45,3.85,4.43,984500
NG,20081013,3.80,4.04,3.33,3.73,633800
NG,20081010,4.44,4.60,3.23,3.59,1589800
NG,20081009,4.85,4.90,4.41,4.57,743300
NG,20081008,5.08,5.08,4.26,4.83,1883100
NG,20081007,4.75,5.09,4.41,4.52,1205700
NG,20081006,5.36,5.62,4.50,4.87,1190500
NG,20081003,4.95,6.00,4.60,5.42,859300
NG,20081002,6.58,6.58,5.35,5.36,790500
NG,20081001,6.55,6.75,6.44,6.50,607200
NG,20080930,6.89,6.89,6.22,6.51,908200
NG,20080929,6.67,6.85,6.58,6.83,1000500
NG,20080926,7.10,7.10,6.60,6.67,682000
NG,20080925,6.99,7.09,6.60,6.60,417400
NG,20080924,7.16,7.16,6.78,6.93,455400
NG,20080923,7.38,7.38,6.70,6.87,964400
NG,20080922,6.98,7.50,6.80,7.32,1306300
NG,20080919,6.30,7.00,6.25,7.00,1232400
NG,20080918,5.74,6.45,5.50,6.45,2299900
NG,20080917,4.65,5.69,4.60,5.29,1675600
NG,20080916,4.52,4.76,4.46,4.64,1067800
NG,20080915,5.01,5.17,4.78,4.90,469000
NG,20080912,4.73,5.28,4.73,5.15,896300
NG,20080911,4.60,4.77,4.29,4.72,764400
NG,20080910,4.59,4.89,4.17,4.78,2205400
NG,20080909,4.87,4.95,4.57,4.72,1543800
NG,20080908,5.65,5.80,5.02,5.08,864900
NG,20080905,5.71,5.82,5.20,5.60,1301000
NG,20080904,6.00,6.00,5.45,5.73,910200
NG,20080903,6.09,6.21,5.79,5.86,1037500
NG,20080902,6.45,6.45,6.06,6.17,629700
NG,20080829,6.57,6.57,6.33,6.48,458000
NG,20080828,6.41,6.58,6.32,6.42,395600
NG,20080827,6.50,6.56,6.34,6.40,561200
NG,20080826,6.84,6.84,6.35,6.43,468900
NG,20080825,6.61,6.74,6.50,6.53,198800
NG,20080822,6.76,6.89,6.63,6.72,299900
NG,20080821,6.58,6.92,6.47,6.88,666100
NG,20080820,6.45,6.63,6.36,6.45,571000
NG,20080819,6.54,6.70,6.17,6.49,1575400
NG,20080818,6.39,6.58,6.35,6.45,422100
NG,20080815,6.34,6.64,6.15,6.31,798300
NG,20080814,6.50,6.68,6.36,6.43,622700
NG,20080813,6.48,6.66,6.41,6.53,499800
NG,20080812,6.08,6.43,6.02,6.37,830100
NG,20080811,6.62,6.70,6.14,6.22,1159500
NG,20080808,6.65,6.96,6.50,6.62,1663100
NG,20080807,7.35,7.38,7.05,7.06,635200
NG,20080806,7.04,7.28,7.04,7.19,763600
NG,20080805,7.94,7.98,6.93,6.99,2365100
NG,20080804,8.25,8.55,8.02,8.14,900200
NG,20080801,8.61,8.76,8.30,8.33,765500
NG,20080731,8.65,8.75,8.50,8.66,857700
NG,20080730,8.32,8.53,7.94,8.44,1003000
NG,20080729,8.33,8.55,8.07,8.40,822400
NG,20080728,8.27,8.61,8.05,8.44,1447600
NG,20080725,8.65,8.89,8.19,8.28,1484000
NG,20080724,9.07,9.37,8.68,8.86,1299300
NG,20080723,9.47,9.60,8.99,9.30,2012600
NG,20080722,9.54,9.95,9.15,9.62,1605700
NG,20080721,9.85,9.88,9.46,9.75,1641800
NG,20080718,8.95,9.94,8.79,9.70,2573100
NG,20080717,8.56,9.46,8.50,8.95,1870400
NG,20080716,8.40,8.85,8.18,8.66,1875500
NG,20080715,8.33,8.56,8.04,8.35,1745800
NG,20080714,7.56,8.37,7.52,8.26,2062500
NG,20080711,7.26,7.55,7.23,7.54,742500
NG,20080710,7.17,7.18,6.93,7.15,396000
NG,20080709,7.41,7.41,6.92,6.95,486700
NG,20080708,7.26,7.30,6.86,7.07,1047000
NG,20080707,7.80,7.80,7.20,7.35,708200
NG,20080703,7.84,7.84,7.39,7.80,257100
NG,20080702,7.81,7.90,7.54,7.87,571600
NG,20080701,7.38,7.87,7.37,7.79,509700
NG,20080630,7.88,7.88,7.43,7.45,504800
NG,20080627,7.49,7.78,7.37,7.53,893200
NG,20080626,7.24,7.45,7.23,7.40,515400
NG,20080625,7.11,7.17,7.01,7.12,503400
NG,20080624,7.28,7.35,7.13,7.17,536100
NG,20080623,7.29,7.39,7.21,7.39,531500
NG,20080620,7.45,7.59,7.28,7.38,486100
NG,20080619,7.58,7.75,7.35,7.43,374900
NG,20080618,7.81,7.81,7.54,7.71,401800
NG,20080617,7.76,7.92,7.64,7.74,355000
NG,20080616,7.80,7.99,7.75,7.80,460600
NG,20080613,7.78,7.81,7.50,7.70,413000
NG,20080612,7.80,7.86,7.65,7.72,369500
NG,20080611,8.03,8.15,7.84,7.89,434600
NG,20080610,8.51,8.51,7.67,7.75,1115700
NG,20080609,8.43,8.63,8.40,8.60,430800
NG,20080606,8.20,8.64,8.20,8.42,612400
NG,20080605,8.21,8.30,8.14,8.19,484800
NG,20080604,8.26,8.39,8.20,8.31,279200
NG,20080603,8.30,8.40,8.16,8.32,425700
NG,20080602,8.37,8.41,8.26,8.30,570300
NG,20080530,8.23,8.37,8.19,8.37,305000
NG,20080529,8.40,8.41,8.20,8.30,590600
NG,20080528,8.11,8.48,7.98,8.46,463000
NG,20080527,8.75,8.77,8.15,8.21,718300
NG,20080523,8.78,8.87,8.65,8.77,381800
NG,20080522,8.86,8.95,8.51,8.58,821900
NG,20080521,8.34,8.89,8.34,8.74,1152100
NG,20080520,8.19,8.37,8.16,8.29,524600
NG,20080519,8.19,8.20,8.06,8.19,347300
NG,20080516,7.90,8.10,7.90,8.05,580900
NG,20080515,7.65,7.89,7.65,7.88,472200
NG,20080514,7.65,7.69,7.50,7.59,455300
NG,20080513,7.86,7.93,7.55,7.65,629400
NG,20080512,7.85,7.97,7.77,7.90,463200
NG,20080509,7.71,7.80,7.46,7.80,588400
NG,20080508,7.35,7.55,7.35,7.52,392300
NG,20080507,7.55,7.60,7.25,7.41,475900
NG,20080506,7.50,7.65,7.36,7.58,528200
NG,20080505,7.42,7.74,7.40,7.45,544400
NG,20080502,7.30,7.61,7.30,7.34,470900
NG,20080501,7.39,7.70,6.99,7.33,1533800
NG,20080430,6.89,7.50,6.89,7.34,711200
NG,20080429,7.00,7.05,6.91,6.97,431400
NG,20080428,7.08,7.25,6.76,7.00,669200
NG,20080425,6.85,7.12,6.85,7.00,762600
NG,20080424,6.95,6.95,6.77,6.87,1079800
NG,20080423,7.20,7.20,6.91,6.91,1009400
NG,20080422,7.11,7.21,7.01,7.14,1101100
NG,20080421,7.40,7.48,7.10,7.22,754900
NG,20080418,7.47,7.50,7.33,7.40,629200
NG,20080417,7.67,7.79,7.40,7.49,735600
NG,20080416,7.65,7.75,7.50,7.65,993700
NG,20080415,7.94,7.95,7.51,7.54,1382300
NG,20080414,7.93,7.93,7.60,7.73,619900
NG,20080411,7.77,7.85,7.60,7.68,480800
NG,20080410,7.80,8.01,7.65,7.80,481000
NG,20080409,7.85,7.94,7.70,7.82,446300
NG,20080408,7.85,7.98,7.73,7.85,491700
NG,20080407,8.36,8.37,7.85,7.85,911300
NG,20080404,7.89,8.15,7.80,8.10,613200
NG,20080403,7.72,8.00,7.64,7.80,560900
NG,20080402,7.65,7.85,7.51,7.65,992100
NG,20080401,7.69,7.70,7.39,7.51,985600
NG,20080331,8.06,8.40,7.60,7.71,787400
NG,20080328,8.02,8.12,7.90,7.97,858300
NG,20080327,8.60,8.60,7.91,8.18,730600
NG,20080326,8.49,8.55,8.35,8.44,1067700
NG,20080325,7.91,8.40,7.61,8.19,2885600
NG,20080324,7.48,7.85,7.37,7.59,1180200
NG,20080320,7.50,7.65,7.25,7.45,2629100
NG,20080319,8.46,8.46,7.69,7.86,4211800
NG,20080318,9.50,9.54,8.76,8.85,1584700
NG,20080317,9.69,9.70,9.28,9.54,1121500
NG,20080314,10.10,10.10,9.61,9.62,957600
NG,20080313,9.75,10.01,9.75,9.90,1522700
NG,20080312,10.35,10.40,9.79,9.85,1273700
NG,20080311,10.40,10.43,10.09,10.31,1346200
NG,20080310,10.10,10.50,10.00,10.25,1285300
NG,20080307,10.44,10.44,9.38,10.05,4966800
NG,20080306,11.15,11.52,10.75,10.92,1197800
NG,20080305,11.28,11.55,10.80,11.27,2129300
NG,20080304,11.50,11.50,10.40,10.77,1657600
NG,20080303,11.68,11.89,11.12,11.32,1670900
NG,20080229,11.95,11.97,11.18,11.37,1258000
NG,20080228,11.50,11.65,11.08,11.52,1977200
NG,20080227,11.01,11.15,10.86,11.05,1463900
NG,20080226,10.99,11.06,10.63,10.86,1437800
NG,20080225,10.58,10.92,9.95,10.85,1246200
NG,20080222,10.27,10.27,9.89,10.00,1176700
NG,20080221,10.26,10.82,10.00,10.02,1716500
NG,20080220,10.03,10.16,9.86,10.07,912300
NG,20080219,10.50,10.50,10.06,10.15,991600
NG,20080215,10.54,10.60,10.00,10.08,846900
NG,20080214,10.48,10.87,10.27,10.47,542800
NG,20080213,10.53,10.65,10.29,10.50,616200
NG,20080212,11.24,11.24,10.44,10.59,589000
NG,20080211,11.69,11.69,10.99,11.15,603600
NG,20080208,11.40,11.40,11.16,11.29,496500
NG,20080207,10.76,11.45,10.76,11.02,1029200
NG,20080206,11.00,11.20,10.85,10.85,941200
NG,20080205,10.51,11.03,10.50,10.88,923600
NG,20080204,11.09,11.09,10.57,11.03,1107900
NG,20080201,11.40,11.60,11.00,11.25,751100
NG,20080131,11.75,11.75,11.20,11.44,591200
NG,20080130,11.27,11.93,11.19,11.56,870700
NG,20080129,11.31,11.71,11.13,11.27,860300
NG,20080128,11.35,11.61,11.04,11.52,1076500
NG,20080125,11.99,12.00,11.04,11.30,1222100
NG,20080124,10.80,11.57,10.80,11.54,1380300
NG,20080123,10.50,11.00,10.09,10.76,1216900
NG,20080122,9.63,11.17,9.61,10.75,1672400
NG,20080118,11.09,11.20,10.31,11.03,1665200
NG,20080117,11.39,11.60,10.67,11.00,1777000
NG,20080116,10.34,11.08,9.78,10.96,2309600
NG,20080115,11.39,11.45,10.37,10.63,1645700
NG,20080114,11.59,11.79,11.00,11.12,1648300
NG,20080111,11.01,11.29,10.75,11.02,1022400
NG,20080110,11.00,11.31,10.58,11.15,1906200
NG,20080109,11.55,11.55,10.74,11.10,1777500
NG,20080108,11.48,11.98,11.25,11.36,2532600
NG,20080107,12.35,12.35,10.68,10.90,4287500
NG,20080104,10.39,12.38,10.35,11.90,6123800
NG,20080103,9.62,10.72,9.56,10.43,4667800
NG,20080102,8.25,8.90,8.25,8.85,1327300
NG,20071231,8.44,8.44,7.81,8.16,985000
NG,20071228,8.30,8.55,8.11,8.25,1298800
NG,20071227,8.98,8.98,8.21,8.29,1378900
NG,20071226,8.54,8.98,8.30,8.72,1183800
NG,20071224,8.21,8.48,8.12,8.30,948000
NG,20071221,7.85,8.05,7.80,8.05,1641400
NG,20071220,7.46,8.07,7.46,7.70,3138800
NG,20071219,6.35,7.54,6.22,7.39,4788700
NG,20071218,7.05,7.22,5.87,6.08,6495400
NG,20071217,8.00,8.00,6.99,7.03,1996600
NG,20071214,8.10,8.16,7.79,7.98,1138100
NG,20071213,8.68,8.77,8.10,8.17,1860200
NG,20071212,9.01,9.10,8.58,8.72,1385700
NG,20071211,9.18,9.39,8.78,8.83,1335700
NG,20071210,9.42,9.57,9.02,9.10,1005800
NG,20071207,9.30,9.41,9.05,9.38,888600
NG,20071206,8.65,9.23,8.52,9.17,1410400
NG,20071205,9.00,9.35,8.58,8.67,1566800
NG,20071204,9.60,9.60,9.00,9.08,1079000
NG,20071203,9.75,9.82,9.25,9.51,1714900
NG,20071130,10.00,10.05,9.71,9.83,2363900
NG,20071129,10.20,10.20,9.83,10.09,2143900
NG,20071128,9.66,10.37,9.60,10.24,3191100
NG,20071127,9.45,10.14,8.69,10.00,7136000
NG,20071126,14.80,14.81,9.11,9.48,20541200
NG,20071123,19.50,20.27,19.50,20.24,444800
NG,20071121,18.90,19.40,18.45,19.24,762100
NG,20071120,18.51,19.50,18.16,18.80,935100
NG,20071119,19.50,19.50,18.07,18.29,572800
NG,20071116,18.70,19.21,18.22,19.03,946700
NG,20071115,18.65,19.63,18.36,18.45,819700
NG,20071114,20.49,20.49,19.64,19.73,610200
NG,20071113,19.00,19.76,19.00,19.36,992600
NG,20071112,20.07,20.34,18.79,19.05,1301700
NG,20071109,20.14,21.10,20.14,20.94,2250000
NG,20071108,21.20,21.20,19.58,20.45,1301200
NG,20071107,21.91,21.91,20.66,20.72,1086400
NG,20071106,21.00,21.03,20.49,20.62,1148500
NG,20071105,19.25,20.73,19.25,20.05,1309100
NG,20071102,19.42,20.25,18.62,20.18,1744200
NG,20071101,18.95,19.66,18.21,19.03,680200
NG,20071031,18.92,19.12,18.56,18.80,927500
NG,20071030,19.89,19.89,18.65,18.83,988000
NG,20071029,19.10,19.94,18.90,19.75,1024200
NG,20071026,19.25,19.35,18.73,18.76,686100
NG,20071025,18.57,19.25,18.40,18.98,895100
NG,20071024,17.24,18.39,17.13,18.32,1089600
NG,20071023,16.95,17.37,16.81,17.30,310300
NG,20071022,17.00,17.20,16.36,16.63,833900
NG,20071019,17.70,18.00,17.36,17.52,513600
NG,20071018,17.81,17.89,17.47,17.69,814300
NG,20071017,18.74,18.75,17.60,17.65,504200
NG,20071016,18.95,19.00,18.20,18.54,416100
NG,20071015,19.00,19.10,18.62,18.95,681700
NG,20071012,18.70,18.82,18.51,18.78,434000
NG,20071011,18.48,18.95,18.09,18.25,1412100
NG,20071010,18.13,18.35,17.86,18.30,1013400
NG,20071009,17.00,17.89,16.93,17.86,1272100
NG,20071008,16.65,17.13,16.56,17.03,564900
NG,20071005,16.50,16.88,16.45,16.63,378900
NG,20071004,16.25,16.59,15.90,16.51,294100
NG,20071003,16.06,16.47,16.00,16.25,419000
NG,20071002,16.30,16.30,15.80,16.05,353800
NG,20071001,16.51,16.64,16.21,16.49,461800
NG,20070928,16.25,16.59,16.02,16.51,634200
NG,20070927,15.98,16.25,15.77,15.83,533200
NG,20070926,16.23,16.49,15.81,15.93,374600
NG,20070925,16.00,16.29,15.81,16.17,503200
NG,20070924,16.63,16.69,16.00,16.10,592100
NG,20070921,16.72,16.75,16.30,16.58,897100
NG,20070920,15.82,16.81,15.80,16.71,1840900
NG,20070919,15.75,15.90,15.29,15.50,504600
NG,20070918,15.27,15.61,15.02,15.54,479600
NG,20070917,14.98,15.54,14.88,15.24,374800
NG,20070914,15.25,15.49,14.95,15.00,295800
NG,20070913,15.20,15.28,15.01,15.27,223300
NG,20070912,14.99,15.51,14.99,15.20,765000
NG,20070911,15.13,15.53,15.00,15.32,355500
NG,20070910,15.16,15.31,14.60,15.12,411200
NG,20070907,15.38,15.42,14.80,15.09,432200
NG,20070906,14.47,15.09,14.38,15.05,1060200
NG,20070905,14.27,14.44,14.23,14.25,359900
NG,20070904,14.05,14.50,14.05,14.29,572000
NG,20070831,14.32,14.38,14.05,14.05,270100
NG,20070830,14.11,14.38,14.01,14.20,274000
NG,20070829,13.85,14.27,13.83,14.27,270300
NG,20070828,14.00,14.25,13.62,13.83,249400
NG,20070827,14.23,14.39,14.01,14.05,308700
NG,20070824,14.17,14.50,14.12,14.30,433100
NG,20070823,14.84,14.88,14.05,14.18,695900
NG,20070822,13.82,14.40,13.73,14.29,527600
NG,20070821,13.77,13.92,13.63,13.71,332000
NG,20070820,13.86,14.23,13.61,13.83,337100
NG,20070817,13.75,14.32,13.64,13.83,344700
NG,20070816,14.05,14.15,12.83,13.70,1203100
NG,20070815,14.51,14.68,14.15,14.36,480100
NG,20070814,15.31,15.37,14.61,14.85,529000
NG,20070813,15.97,16.05,15.30,15.38,544600
NG,20070810,15.85,16.32,15.82,16.00,1059000
NG,20070809,15.34,16.34,15.31,15.94,1403500
NG,20070808,15.10,16.02,15.10,15.73,926600
NG,20070807,14.84,15.20,14.50,15.05,332100
NG,20070806,15.51,15.51,14.45,14.85,551100
NG,20070803,15.41,15.83,15.40,15.63,387400
NG,20070802,15.05,15.45,15.05,15.39,647700
NG,20070801,15.00,15.33,14.70,15.12,915500
NG,20070731,15.10,15.20,14.91,15.00,244100
NG,20070730,14.56,15.03,14.56,14.92,299800
NG,20070727,14.30,14.68,14.26,14.65,283000
NG,20070726,14.51,14.61,14.31,14.40,498800
NG,20070725,15.15,15.18,14.55,14.67,733200
NG,20070724,15.55,15.75,15.05,15.13,417500
NG,20070723,15.75,15.81,15.43,15.59,240400
NG,20070720,16.08,16.15,15.72,15.75,377000
NG,20070719,16.09,16.30,15.99,16.19,986200
NG,20070718,15.75,16.10,15.65,15.96,609300
NG,20070717,15.97,16.11,15.68,15.69,405000
NG,20070716,16.06,16.14,15.90,16.04,339400
NG,20070713,15.90,16.18,15.84,16.05,320400
NG,20070712,15.80,15.93,15.63,15.81,679000
NG,20070711,15.61,15.61,15.35,15.54,338600
NG,20070710,15.95,16.03,15.50,15.58,475900
NG,20070709,16.10,16.17,15.84,15.96,596000
NG,20070706,15.55,16.02,15.33,16.00,738700
NG,20070705,15.35,15.45,15.19,15.41,259400
NG,20070703,15.40,15.40,15.20,15.21,230600
NG,20070702,15.05,15.22,14.82,15.09,330600
NG,20070629,14.90,15.21,14.90,15.03,733600
NG,20070628,14.41,14.94,14.31,14.70,917900
NG,20070627,13.98,14.20,13.86,14.18,240800
NG,20070626,14.25,14.40,13.85,13.98,600400
NG,20070625,14.39,14.50,14.23,14.29,258500
NG,20070622,14.41,14.50,14.25,14.38,499400
NG,20070621,14.70,14.70,14.35,14.41,716300
NG,20070620,14.45,14.96,14.41,14.67,513500
NG,20070619,14.65,14.69,14.46,14.57,554700
NG,20070618,14.65,14.75,14.38,14.55,585900
NG,20070615,14.90,14.93,14.54,14.66,666700
NG,20070614,14.75,14.98,14.65,14.90,357500
NG,20070613,14.35,14.79,14.34,14.66,487800
NG,20070612,14.69,14.80,14.28,14.40,561000
NG,20070611,15.00,15.03,14.65,14.82,514900
NG,20070608,15.31,15.31,14.65,14.88,660200
NG,20070607,15.52,15.64,15.12,15.46,698400
NG,20070606,15.40,15.59,15.09,15.58,589800
NG,20070605,15.87,15.87,15.43,15.54,773700
NG,20070604,15.72,15.93,15.62,15.87,501700
NG,20070601,15.95,16.00,15.55,15.71,863700
NG,20070531,15.35,15.70,15.33,15.65,810100
NG,20070530,14.80,15.17,14.79,15.12,577500
NG,20070529,15.00,15.04,14.80,14.95,708400
NG,20070525,14.40,14.66,14.34,14.62,446300
NG,20070524,15.05,15.36,14.28,14.30,1117000
NG,20070523,15.00,15.58,15.00,15.16,1800800
NG,20070522,14.54,14.70,14.03,14.05,474900
NG,20070521,14.35,14.95,14.25,14.71,639800
NG,20070518,13.67,14.43,13.65,14.34,761400
NG,20070517,13.60,13.76,13.46,13.61,337600
NG,20070516,13.88,13.93,13.24,13.67,1076600
NG,20070515,14.30,14.39,13.78,13.88,767500
NG,20070514,14.70,14.71,14.05,14.22,492600
NG,20070511,14.30,14.73,14.25,14.49,478700
NG,20070510,14.61,14.79,14.25,14.29,544300
NG,20070509,14.75,15.07,14.71,14.75,513000
NG,20070508,14.98,15.02,14.75,14.80,710300
NG,20070507,14.91,15.22,14.90,14.97,901100
NG,20070504,15.02,15.07,14.85,14.90,923300
NG,20070503,14.93,15.08,14.75,14.77,1185800
NG,20070502,13.89,14.77,13.75,14.72,1438000
NG,20070501,14.15,14.20,13.54,13.88,1764900
NG,20070430,14.73,14.74,14.18,14.20,549000
NG,20070427,14.79,14.95,14.67,14.73,456000
NG,20070426,14.91,15.00,14.55,14.71,550000
NG,20070425,14.86,15.49,14.27,15.13,2162400
NG,20070424,15.35,15.78,14.24,14.71,2663500
NG,20070423,16.25,16.25,15.31,15.35,2059700
NG,20070420,16.28,16.28,16.00,16.18,13777100
NG,20070419,16.15,16.34,15.90,16.05,6375500
NG,20070418,17.53,17.60,17.30,17.40,440000
NG,20070417,17.68,17.72,17.55,17.57,207600
NG,20070416,17.76,17.82,17.59,17.67,525200
NG,20070413,17.07,17.73,17.07,17.72,450800
NG,20070412,16.80,17.09,16.75,17.04,188000
NG,20070411,16.85,16.97,16.82,16.86,149600
NG,20070410,16.99,17.07,16.77,16.83,269100
NG,20070409,17.40,17.40,16.85,16.98,504100
NG,20070405,17.50,17.55,17.36,17.42,223500
NG,20070404,17.13,17.56,17.13,17.32,535400
NG,20070403,17.10,17.28,17.01,17.13,322900
NG,20070402,16.85,17.16,16.85,17.16,324200
NG,20070330,17.07,17.10,16.91,16.95,91800
NG,20070329,16.99,17.05,16.85,17.00,246500
NG,20070328,16.98,17.05,16.82,16.98,285900
NG,20070327,16.72,16.85,16.66,16.66,190300
NG,20070326,16.60,16.83,16.60,16.79,206400
NG,20070323,16.61,16.65,16.53,16.57,109500
NG,20070322,16.63,16.77,16.59,16.66,190200
NG,20070321,16.59,16.68,16.58,16.60,209000
NG,20070320,16.76,16.82,16.59,16.60,136500
NG,20070319,16.90,16.92,16.67,16.72,149100
NG,20070316,16.65,16.90,16.50,16.90,587600
NG,20070315,16.53,16.84,16.45,16.59,395600
NG,20070314,16.22,16.52,16.21,16.50,273300
NG,20070313,16.54,16.54,16.19,16.31,429600
NG,20070312,16.51,16.63,16.42,16.54,280600
NG,20070309,16.60,16.73,16.47,16.50,258400
NG,20070308,16.64,16.75,16.51,16.56,261600
NG,20070307,16.45,16.65,16.39,16.58,437100
NG,20070306,16.25,16.52,16.25,16.50,656600
NG,20070305,15.94,16.26,15.73,16.10,818900
NG,20070302,16.45,16.48,16.27,16.30,897400
NG,20070301,16.58,16.71,16.49,16.59,361900
NG,20070228,16.42,16.70,16.26,16.57,490500
NG,20070227,16.99,17.15,16.25,16.38,560700
NG,20070226,16.78,17.46,16.78,17.14,597600
NG,20070223,16.74,16.82,16.68,16.70,241400
NG,20070222,16.82,16.85,16.63,16.65,231600
NG,20070221,16.48,16.99,16.46,16.81,383400
NG,20070220,16.30,16.50,16.20,16.47,213600
NG,20070216,16.71,16.71,16.47,16.50,201200
NG,20070215,16.68,16.74,16.51,16.72,252400
NG,20070214,16.69,16.82,16.59,16.68,280100
NG,20070213,16.62,16.71,16.55,16.66,213700
NG,20070212,16.48,16.62,16.35,16.62,440700
NG,20070209,16.60,16.66,16.55,16.57,313900
NG,20070208,16.44,16.58,16.42,16.57,303200
NG,20070207,16.43,16.54,16.34,16.48,351000
NG,20070206,16.47,16.67,16.31,16.51,654000
NG,20070205,16.43,16.50,16.35,16.41,255800
NG,20070202,16.41,16.43,16.25,16.36,289200
NG,20070201,16.50,16.62,16.36,16.49,500000
NG,20070131,16.40,16.54,16.34,16.47,505300
NG,20070130,16.26,16.44,16.25,16.43,271200
NG,20070129,16.36,16.52,16.27,16.41,354100
NG,20070126,16.34,16.41,16.27,16.41,372100
NG,20070125,16.40,16.50,16.25,16.35,372000
NG,20070124,16.19,16.39,16.07,16.38,450500
NG,20070123,16.02,16.30,16.00,16.27,552100
NG,20070122,16.02,16.06,15.95,16.01,566800
NG,20070119,16.00,16.16,15.95,16.05,316500
NG,20070118,16.05,16.06,15.95,16.01,455300
NG,20070117,15.95,16.23,15.94,16.04,588300
NG,20070116,16.07,16.18,15.93,16.01,372300
NG,20070112,15.82,16.24,15.82,16.06,538300
NG,20070111,15.92,15.96,15.75,15.78,716500
NG,20070110,15.90,15.96,15.77,15.94,512900
NG,20070109,16.08,16.08,15.87,15.97,516500
NG,20070108,15.97,16.12,15.90,16.08,338700
NG,20070105,15.85,16.04,15.50,16.04,854500
NG,20070104,16.01,16.03,15.89,15.96,889700
NG,20070103,16.90,16.96,16.00,16.25,756800
NG,20061229,17.05,17.16,16.94,17.16,324400
NG,20061228,16.90,17.02,16.76,17.00,449200
NG,20061227,16.59,16.80,16.51,16.75,514000
NG,20061226,16.66,16.75,16.50,16.66,303300
NG,20061222,16.20,16.60,16.20,16.58,321700
NG,20061221,16.24,16.39,16.14,16.19,202500
NG,20061220,16.60,16.60,16.20,16.27,251400
NG,20061219,16.05,16.57,16.00,16.55,697300
NG,20061218,16.00,16.18,15.89,15.99,588300
NG,20061215,16.65,16.65,15.85,15.85,1214300
NG,20061214,16.79,16.79,16.42,16.65,539100
NG,20061213,16.90,16.90,16.65,16.69,469800
NG,20061212,16.65,16.81,16.58,16.79,394800
NG,20061211,16.41,16.83,16.40,16.82,407000
NG,20061208,16.43,16.74,16.39,16.60,702700
NG,20061207,16.08,16.41,15.84,16.40,1209700
NG,20061206,16.05,16.12,15.95,16.05,994500
NG,20061205,16.10,16.20,16.07,16.15,869500
NG,20061204,16.13,16.29,16.12,16.25,1872400
NG,20061201,16.14,16.20,16.08,16.13,3590700
NG,20061130,16.10,16.18,15.84,16.14,1166000
NG,20061129,16.14,16.15,16.01,16.07,880900
NG,20061128,16.20,16.22,16.11,16.20,302800
NG,20061127,16.20,16.22,16.15,16.18,704100
NG,20061124,16.15,16.21,16.15,16.19,273600
NG,20061122,16.08,16.20,16.04,16.11,919800
NG,20061121,16.02,16.30,16.00,16.02,1768400
NG,20061120,16.09,16.09,14.55,16.02,1000000
NG,20061117,16.06,16.13,15.94,16.06,1039300
NG,20061116,16.08,16.13,16.03,16.06,754600
NG,20061115,16.19,16.20,16.04,16.09,903800
NG,20061114,16.28,16.30,16.17,16.19,716900
NG,20061113,16.35,16.37,16.17,16.33,632500
NG,20061110,16.20,16.37,16.10,16.28,3855100
NG,20061109,15.69,15.91,15.67,15.85,2606200
NG,20061108,15.30,15.75,15.20,15.71,1697900
NG,20061107,15.60,15.70,15.51,15.67,738200
NG,20061106,15.70,15.74,15.59,15.70,1325700
NG,20061103,15.72,15.81,15.69,15.71,1222700
NG,20061102,15.61,15.83,15.60,15.80,2614500
NG,20061101,15.75,15.81,15.66,15.70,2356300
NG,20061031,15.60,15.78,15.60,15.78,514100
NG,20061030,15.75,15.76,15.71,15.75,524000
NG,20061027,15.70,15.77,15.64,15.77,906400
NG,20061026,15.80,15.82,15.66,15.72,935000
NG,20061025,15.66,16.15,15.61,15.83,2022400
NG,20061024,15.80,15.80,15.53,15.65,9987000
NG,20061023,15.10,15.27,15.07,15.07,797400
NG,20061020,15.46,15.57,15.20,15.21,187700
NG,20061019,15.06,15.50,15.06,15.45,361500
NG,20061018,15.15,15.25,14.99,15.06,358100
NG,20061017,15.15,15.20,14.99,15.11,1042500
NG,20061016,15.26,15.30,15.12,15.17,491400
NG,20061013,15.45,15.50,15.16,15.21,1089400
NG,20061012,15.76,15.76,15.25,15.35,1431000
NG,20061011,15.77,15.87,15.65,15.67,230100
NG,20061010,15.75,15.90,15.75,15.84,321100
NG,20061009,15.62,15.80,15.46,15.75,542400
NG,20061006,16.05,16.05,15.49,15.63,444200
NG,20061005,15.90,16.03,15.70,15.96,981400
NG,20061004,15.07,15.84,15.05,15.75,1406200
NG,20061003,15.25,15.35,15.06,15.10,930000
NG,20061002,15.68,15.82,15.54,15.58,392700
NG,20060929,15.23,15.97,15.12,15.69,1244600
NG,20060928,15.35,15.50,15.22,15.22,837300
NG,20060927,15.39,15.52,15.35,15.35,953300
NG,20060926,15.64,15.70,15.35,15.39,1343600
NG,20060925,15.67,15.81,15.58,15.64,593600
NG,20060922,15.66,15.69,15.58,15.66,598500
NG,20060921,15.53,15.75,15.48,15.59,642100
NG,20060920,15.40,15.63,15.38,15.53,640700
NG,20060919,15.55,15.64,15.28,15.36,570200
NG,20060918,15.57,15.81,15.47,15.59,505700
NG,20060915,15.75,15.98,15.43,15.56,1573700
NG,20060914,16.29,16.29,15.79,16.10,1232000
NG,20060913,16.25,16.47,16.17,16.47,809700
NG,20060912,16.78,16.89,16.12,16.25,2191900
NG,20060911,17.00,17.01,16.65,16.90,1049000
NG,20060908,17.66,17.66,17.15,17.25,818900
NG,20060907,17.75,17.81,17.55,17.66,725400
NG,20060906,17.65,18.00,17.56,17.80,556500
NG,20060905,17.95,18.15,17.70,17.75,814100
NG,20060901,17.95,18.20,17.80,17.89,398300
NG,20060831,17.64,17.90,17.64,17.85,1786700
NG,20060830,17.53,17.71,17.47,17.55,318000
NG,20060829,17.20,17.55,17.06,17.50,392300
NG,20060828,17.27,17.27,17.15,17.15,244600
NG,20060825,17.47,17.49,17.25,17.30,452500
NG,20060824,17.20,17.40,17.20,17.35,943100
NG,20060823,17.25,17.40,16.98,17.06,661300
NG,20060822,17.00,17.27,16.99,17.20,516500
NG,20060821,16.80,17.18,16.80,17.05,545800
NG,20060818,16.88,17.02,16.72,16.73,777500
NG,20060817,17.19,17.29,16.65,16.90,924800
NG,20060816,17.00,17.20,16.98,17.07,553900
NG,20060815,16.84,17.25,16.84,16.98,731100
NG,20060814,16.61,17.00,16.59,16.86,782000
NG,20060811,16.72,16.83,16.49,16.61,314200
NG,20060810,16.68,16.71,16.27,16.68,642400
NG,20060809,16.85,17.00,16.61,16.76,627800
NG,20060808,16.98,17.06,16.85,16.86,329100
NG,20060807,16.98,17.04,16.95,17.00,451600
NG,20060804,17.10,17.14,16.65,16.89,866400
NG,20060803,17.25,17.32,16.96,17.08,987500
NG,20060802,16.90,17.31,16.87,17.28,805000
NG,20060801,16.71,16.94,16.57,16.86,719200
NG,20060731,16.55,16.94,16.50,16.70,833700
NG,20060728,16.70,16.91,16.45,16.90,779600
NG,20060727,16.57,16.84,16.40,16.84,1742900
NG,20060726,16.12,16.64,16.07,16.58,2313400
NG,20060725,15.55,16.27,15.41,16.17,6205900
NG,20060724,15.15,15.65,15.15,15.50,17005000
NG,20060721,11.75,11.83,11.53,11.67,297800
NG,20060720,12.13,12.14,11.67,11.67,358800
NG,20060719,11.78,12.39,11.76,12.13,388500
NG,20060718,11.90,11.96,11.65,11.86,450600
NG,20060717,12.13,12.22,11.88,11.88,308900
NG,20060714,12.45,12.55,12.19,12.29,295500
NG,20060713,12.80,12.85,12.18,12.25,418800
NG,20060712,12.69,12.97,12.50,12.80,521400
NG,20060711,12.42,12.75,12.34,12.62,502700
NG,20060710,12.49,12.50,12.13,12.32,606000
NG,20060707,13.25,13.25,12.62,12.63,368600
NG,20060706,13.17,13.39,12.95,13.26,357800
NG,20060705,13.67,13.70,13.08,13.16,400900
NG,20060703,13.00,13.62,12.82,13.62,384000
NG,20060630,13.10,13.17,12.62,12.82,494100
NG,20060629,12.29,12.84,12.29,12.82,453100
NG,20060628,12.45,12.45,11.91,12.19,425200
NG,20060627,12.81,12.89,12.19,12.34,537800
NG,20060626,12.73,12.90,12.44,12.74,276400
NG,20060623,12.15,12.74,11.92,12.73,487700
NG,20060622,12.09,12.46,11.93,12.11,761900
NG,20060621,11.42,12.14,11.42,12.03,484500
NG,20060620,11.06,11.45,11.02,11.42,463600
NG,20060619,11.50,11.55,10.97,11.01,403800
NG,20060616,12.00,12.00,11.46,11.60,470600
NG,20060615,11.30,11.95,11.30,11.85,612800
NG,20060614,10.85,11.19,10.74,11.07,635900
NG,20060613,10.89,10.97,10.55,10.64,1662600
NG,20060612,11.63,11.74,11.11,11.15,805700
NG,20060609,11.82,12.00,11.41,11.55,788100
NG,20060608,11.90,11.91,11.35,11.77,1082300
NG,20060607,11.76,12.40,11.69,12.00,750200
NG,20060606,12.29,12.29,11.78,12.00,1288400
NG,20060605,13.13,13.13,12.41,12.45,446300
NG,20060602,12.90,12.99,12.76,12.93,418900
NG,20060601,12.41,12.74,11.65,12.70,639600
NG,20060531,12.85,12.98,12.45,12.69,754900
NG,20060530,14.00,14.05,12.61,12.62,1034300
NG,20060526,12.67,12.89,12.39,12.82,355100
NG,20060525,12.68,12.81,12.48,12.52,544400
NG,20060524,12.90,12.90,12.00,12.48,849600
NG,20060523,12.63,13.30,12.63,13.03,613500
NG,20060522,12.57,12.95,12.15,12.63,743400
NG,20060519,12.15,12.77,11.80,12.57,1034000
NG,20060518,12.63,12.74,12.25,12.37,616600
NG,20060517,13.39,13.55,12.50,12.65,961300
NG,20060516,13.12,13.49,13.00,13.05,789800
NG,20060515,13.66,13.66,12.90,12.96,1077900
NG,20060512,14.95,15.20,14.08,14.54,692400
NG,20060511,16.10,16.36,14.97,15.07,815500
NG,20060510,15.94,15.99,15.35,15.81,396200
NG,20060509,15.41,16.00,15.37,15.94,633400
NG,20060508,15.35,15.35,14.75,15.21,487400
NG,20060505,15.85,15.90,15.40,15.52,319200
NG,20060504,15.80,16.01,15.60,15.72,425100
NG,20060503,16.65,16.72,15.60,15.80,565300
NG,20060502,16.26,16.50,15.67,16.47,753600
NG,20060501,16.14,16.35,16.14,16.21,856800
NG,20060428,15.12,16.00,15.06,16.00,548300
NG,20060427,15.58,15.77,14.96,15.02,397900
NG,20060426,15.80,15.93,15.65,15.77,326900
NG,20060425,15.86,16.05,15.55,15.65,395300
NG,20060424,15.58,15.80,15.47,15.69,390600
NG,20060421,15.45,15.92,15.39,15.83,463100
NG,20060420,15.85,15.88,15.09,15.18,724700
NG,20060419,15.93,16.06,15.46,15.88,553800
NG,20060418,15.83,15.90,15.68,15.78,476400
NG,20060417,15.60,15.78,15.43,15.55,541000
NG,20060413,14.72,15.31,14.50,15.28,408000
NG,20060412,14.69,15.06,14.60,14.86,439100
NG,20060411,15.25,15.45,14.50,14.59,625700
NG,20060410,15.85,15.94,15.05,15.27,362900
NG,20060407,16.02,16.06,15.34,15.43,495200
NG,20060406,16.50,16.50,15.80,16.02,1228300
NG,20060405,15.96,16.27,15.76,16.21,629900
NG,20060404,15.65,16.00,15.47,15.91,483900
NG,20060403,15.70,16.03,15.65,15.72,670200
NG,20060331,15.30,15.45,15.00,15.30,378500
NG,20060330,14.75,15.63,14.75,15.43,853900
NG,20060329,13.93,14.35,13.84,14.34,421400
NG,20060328,14.05,14.11,13.59,13.88,335300
NG,20060327,13.70,14.24,13.59,13.81,688500
NG,20060324,13.00,13.58,13.00,13.41,594300
NG,20060323,12.96,13.02,12.78,12.80,469500
NG,20060322,12.82,13.06,12.82,12.96,219500
NG,20060321,13.25,13.25,12.81,13.00,414500
NG,20060320,13.60,13.94,13.22,13.32,448800
NG,20060317,13.27,13.62,13.07,13.60,310600
NG,20060316,13.30,13.50,12.97,13.22,662400
NG,20060315,12.95,13.24,12.95,13.18,632700
NG,20060314,12.38,12.92,12.35,12.79,471200
NG,20060313,12.25,12.50,12.10,12.35,410600
NG,20060310,11.90,12.33,11.72,12.12,605800
NG,20060309,12.55,12.71,12.00,12.09,506700
NG,20060308,12.40,12.56,12.15,12.38,729700
NG,20060307,13.17,13.17,12.75,12.80,488600
NG,20060306,12.75,13.90,12.75,13.35,644900
NG,20060303,13.66,14.09,13.33,13.89,671600
NG,20060302,12.63,13.87,12.59,13.73,984900
NG,20060301,12.33,12.56,12.25,12.50,459600
NG,20060228,12.50,12.71,12.20,12.25,462300
NG,20060227,12.60,12.70,12.40,12.42,386300
NG,20060224,12.55,12.77,12.38,12.77,643200
NG,20060223,12.60,12.73,11.85,12.32,587100
NG,20060222,12.75,12.75,12.24,12.45,1074300
NG,20060221,12.35,12.40,12.03,12.21,431600
NG,20060217,11.93,12.19,11.93,12.00,438100
NG,20060216,11.80,11.91,11.70,11.80,1165400
NG,20060215,11.70,11.91,11.60,11.79,705700
NG,20060214,11.60,11.73,11.51,11.70,863700
NG,20060213,11.74,11.78,11.12,11.50,809100
NG,20060210,11.98,11.99,11.60,11.78,1147400
NG,20060209,12.12,12.50,12.00,12.00,920400
NG,20060208,12.00,12.10,11.88,12.00,1165300
NG,20060207,12.00,12.40,11.89,12.14,1797900
NG,20060206,12.35,12.64,12.29,12.64,1049700
NG,20060203,11.80,12.79,11.80,12.37,6085700
NG,20060202,12.43,12.64,12.00,12.35,1543400
NG,20060201,12.15,12.41,11.71,12.38,1134300
NG,20060131,12.55,12.61,12.11,12.26,866100
NG,20060130,11.75,12.37,11.75,12.36,1146100
NG,20060127,10.95,11.93,10.95,11.58,1881200
NG,20060126,10.03,10.95,10.03,10.95,757400
NG,20060125,10.17,10.44,10.06,10.08,459500
NG,20060124,10.70,10.72,9.91,10.00,762500
NG,20060123,10.40,10.71,10.19,10.70,463700
NG,20060120,10.50,10.80,10.15,10.23,747600
NG,20060119,10.04,10.20,10.01,10.12,547100
NG,20060118,10.49,10.49,9.84,10.01,399500
NG,20060117,10.88,10.89,10.50,10.59,380200
NG,20060113,10.30,10.77,10.21,10.76,524500
NG,20060112,10.27,10.40,10.18,10.29,331500
NG,20060111,10.15,10.47,10.15,10.27,360100
NG,20060110,10.20,10.24,9.92,10.07,650200
NG,20060109,9.49,10.52,9.37,10.16,1325900
NG,20060106,9.20,9.53,9.20,9.37,755200
NG,20060105,9.15,9.30,9.01,9.09,564100
NG,20060104,9.40,9.54,9.35,9.36,364900
NG,20060103,9.23,9.54,9.23,9.50,483600
NG,20051230,9.15,9.24,9.01,9.10,262600
NG,20051229,9.25,9.30,9.02,9.23,244900
NG,20051228,8.90,9.21,8.90,9.21,316000
NG,20051227,8.80,8.90,8.66,8.80,275500
NG,20051223,8.82,8.90,8.61,8.71,230100
NG,20051222,8.56,8.80,8.49,8.80,416400
NG,20051221,8.22,8.50,8.18,8.50,343400
NG,20051220,8.51,8.59,8.16,8.20,278400
NG,20051219,8.80,8.84,8.50,8.52,268100
NG,20051216,8.71,8.83,8.58,8.63,185000
NG,20051215,8.57,8.85,8.55,8.73,260700
NG,20051214,8.54,8.69,8.45,8.52,271200
NG,20051213,8.53,8.79,8.34,8.56,512400
NG,20051212,9.24,9.37,8.52,8.67,817500
NG,20051209,9.32,9.42,9.05,9.14,448300
NG,20051208,9.10,9.39,9.07,9.24,393900
NG,20051207,9.41,9.53,8.90,9.10,533600
NG,20051206,9.16,9.40,9.05,9.31,314900
NG,20051205,9.41,9.49,9.16,9.16,380600
NG,20051202,9.37,9.44,9.15,9.41,516300
NG,20051201,9.20,9.48,9.16,9.37,510800
NG,20051130,9.45,9.57,9.15,9.16,410600
NG,20051129,9.36,9.60,9.31,9.58,286600
NG,20051128,9.51,9.51,9.36,9.40,244000
NG,20051125,9.35,9.56,9.35,9.56,152800
NG,20051123,9.21,9.27,9.07,9.26,223700
NG,20051122,9.29,9.35,9.11,9.31,334200
NG,20051121,9.20,9.31,9.07,9.19,405000
NG,20051118,9.10,9.15,8.96,9.01,317400
NG,20051117,8.80,9.12,8.80,8.99,545600
NG,20051116,8.45,8.73,8.44,8.73,378600
NG,20051115,8.55,8.61,8.35,8.35,156500
NG,20051114,8.70,8.71,8.45,8.50,133200
NG,20051111,8.50,8.72,8.41,8.66,152100
NG,20051110,8.75,8.79,8.48,8.50,149400
NG,20051109,8.55,8.77,8.55,8.70,258400
NG,20051108,8.65,8.80,8.48,8.49,177600
NG,20051107,8.50,8.65,8.46,8.57,202400
NG,20051104,8.55,8.60,8.21,8.45,247400
NG,20051103,8.50,8.67,8.40,8.53,207000
NG,20051102,8.38,8.49,8.36,8.49,182600
NG,20051101,8.30,8.39,8.27,8.37,188800
NG,20051031,8.60,8.60,8.25,8.38,372600
NG,20051028,8.25,8.62,8.22,8.60,347400
NG,20051027,8.20,8.37,8.20,8.34,538700
NG,20051026,8.25,8.32,8.07,8.20,370500
NG,20051025,7.66,8.12,7.66,8.04,376100
NG,20051024,7.65,7.72,7.58,7.59,234200
NG,20051021,7.46,7.65,7.39,7.65,153600
NG,20051020,7.60,7.68,7.30,7.41,229300
NG,20051019,7.61,7.64,7.48,7.60,226900
NG,20051018,7.93,7.93,7.67,7.70,216300
NG,20051017,7.93,8.08,7.91,7.93,143700
NG,20051014,7.65,7.86,7.65,7.85,229300
NG,20051013,7.85,7.85,7.60,7.74,237800
NG,20051012,8.22,8.22,7.83,7.86,321800
NG,20051011,8.11,8.27,8.10,8.15,187400
NG,20051010,8.06,8.25,8.06,8.19,204500
NG,20051007,7.84,8.02,7.76,8.02,257400
NG,20051006,7.82,7.97,7.74,7.84,325800
NG,20051005,7.90,7.90,7.74,7.77,337400
NG,20051004,8.10,8.15,7.93,7.93,245100
NG,20051003,8.00,8.10,7.89,8.07,252300
NG,20050930,8.28,8.30,8.01,8.01,289000
NG,20050929,8.05,8.25,8.05,8.25,312700
NG,20050928,7.80,8.11,7.71,8.02,294400
NG,20050927,7.94,7.94,7.73,7.77,202800
NG,20050926,7.90,8.12,7.76,7.95,337500
NG,20050923,7.97,8.03,7.90,7.95,258300
NG,20050922,8.41,8.44,8.00,8.13,324700
NG,20050921,8.15,8.36,8.13,8.36,268100
NG,20050920,8.18,8.27,8.13,8.13,307500
NG,20050919,8.55,8.69,8.12,8.18,561000
NG,20050916,8.10,8.23,8.06,8.21,828400
NG,20050915,7.95,8.05,7.86,7.94,424100
NG,20050914,7.75,7.87,7.75,7.85,515900
NG,20050913,7.87,7.91,7.67,7.70,192400
NG,20050912,8.07,8.07,7.80,7.97,217300
NG,20050909,7.85,8.21,7.85,8.09,353400
NG,20050908,7.64,7.83,7.62,7.83,174300
NG,20050907,7.60,7.70,7.57,7.57,204600
NG,20050906,7.90,7.90,7.56,7.62,242300
NG,20050902,7.69,7.86,7.57,7.82,369800
NG,20050901,7.40,7.63,7.35,7.63,460500
NG,20050831,6.92,7.28,6.92,7.28,413200
NG,20050830,7.00,7.00,6.77,6.90,561700
NG,20050829,7.18,7.20,7.01,7.02,319300
NG,20050826,7.12,7.20,7.06,7.13,266600
NG,20050825,7.15,7.26,7.11,7.11,262900
NG,20050824,7.29,7.40,7.17,7.17,333900
NG,20050823,7.45,7.52,7.30,7.30,237000
NG,20050822,7.70,7.70,7.40,7.45,374300
NG,20050819,7.51,7.67,7.40,7.67,200500
NG,20050818,7.65,7.70,7.44,7.53,253800
NG,20050817,8.00,8.00,7.63,7.66,193900
NG,20050816,8.00,8.24,7.95,8.00,300500
NG,20050815,8.04,8.08,7.92,8.03,230800
NG,20050812,8.20,8.29,8.06,8.16,283900
NG,20050811,8.00,8.23,7.95,8.23,599200
NG,20050810,7.80,7.92,7.79,7.90,352800
NG,20050809,7.71,7.71,7.60,7.71,191900
NG,20050808,7.85,7.89,7.70,7.72,146700
NG,20050805,7.81,7.82,7.70,7.74,149800
NG,20050804,8.00,8.02,7.73,7.77,354800
NG,20050803,7.65,7.98,7.65,7.90,565200
NG,20050802,7.35,7.64,7.25,7.58,264800
NG,20050801,7.35,7.37,7.26,7.35,220200
NG,20050729,7.34,7.39,7.29,7.29,231700
NG,20050728,7.44,7.44,7.30,7.35,145900
NG,20050727,7.43,7.45,7.31,7.38,179300
NG,20050726,7.55,7.55,7.35,7.40,174200
NG,20050725,7.62,7.66,7.56,7.56,126000
NG,20050722,7.74,7.74,7.55,7.61,174800
NG,20050721,7.50,7.70,7.50,7.70,183300
NG,20050720,7.44,7.55,7.38,7.44,162500
NG,20050719,7.31,7.40,7.27,7.40,272800
NG,20050718,7.55,7.56,7.37,7.37,220300
NG,20050715,7.50,7.56,7.50,7.54,171500
NG,20050714,7.80,7.88,7.52,7.52,338400
NG,20050713,7.90,7.92,7.79,7.82,127500
NG,20050712,7.97,8.00,7.84,7.91,262100
NG,20050711,7.80,7.90,7.71,7.88,374000
NG,20050708,7.70,7.83,7.67,7.71,137400
NG,20050707,7.75,7.79,7.60,7.73,187800
NG,20050706,7.46,7.69,7.46,7.66,249400
NG,20050705,7.68,7.68,7.45,7.46,264400
NG,20050701,7.63,7.68,7.37,7.68,212100
NG,20050630,7.74,7.74,7.55,7.64,220900
NG,20050629,7.59,7.77,7.53,7.74,313000
NG,20050628,7.65,7.65,7.55,7.60,127500
NG,20050627,7.70,7.71,7.60,7.69,186600
NG,20050624,7.78,7.78,7.54,7.70,267600
NG,20050623,7.80,8.00,7.75,7.78,490000
NG,20050622,7.94,7.94,7.60,7.75,514800
NG,20050621,8.40,8.40,7.95,7.97,1026800
NG,20050620,8.80,8.81,8.24,8.44,299500
NG,20050617,8.77,8.86,8.60,8.65,264500
NG,20050616,8.63,8.72,8.51,8.68,346000
NG,20050615,8.30,8.53,8.30,8.44,203100
NG,20050614,8.30,8.31,8.19,8.29,193300
NG,20050613,8.11,8.40,8.10,8.38,297600
NG,20050610,7.75,8.08,7.67,8.08,336500
NG,20050609,7.60,7.70,7.43,7.69,100900
NG,20050608,7.54,7.77,7.50,7.60,215100
NG,20050607,7.73,7.73,7.55,7.55,173100
NG,20050606,7.95,8.00,7.69,7.69,275000
NG,20050603,7.73,7.88,7.60,7.73,198300
NG,20050602,7.95,8.24,7.67,7.68,423600
NG,20050601,7.63,7.91,7.57,7.83,264000
NG,20050531,7.30,7.60,7.22,7.56,318200
NG,20050527,7.18,7.47,7.18,7.47,247500
NG,20050526,7.20,7.26,7.16,7.17,133800
NG,20050525,7.45,7.45,7.13,7.32,261400
NG,20050524,7.26,7.42,7.22,7.42,181200
NG,20050523,7.05,7.27,7.05,7.20,159100
NG,20050520,6.98,7.09,6.95,7.09,178500
NG,20050519,7.11,7.13,6.94,7.06,246600
NG,20050518,7.33,7.33,7.11,7.12,264700
NG,20050517,7.03,7.32,7.02,7.24,373900
NG,20050516,7.00,7.01,6.67,6.99,464300
NG,20050513,7.20,7.27,7.00,7.00,610600
NG,20050512,7.65,7.70,7.16,7.29,539300
NG,20050511,7.74,8.05,7.69,7.80,206800
NG,20050510,7.95,8.05,7.72,7.77,220600
NG,20050509,8.05,8.11,7.84,7.87,240500
NG,20050506,7.99,8.10,7.92,8.10,270100
NG,20050505,8.18,8.30,8.02,8.09,310600
NG,20050504,8.00,8.15,7.97,8.14,349400
NG,20050503,7.67,7.91,7.67,7.87,290700
NG,20050502,7.62,7.73,7.52,7.67,376600
NG,20050429,7.88,8.10,7.66,7.67,449500
NG,20050428,7.93,7.95,7.76,7.85,265800
NG,20050427,8.29,8.29,7.95,7.97,404200
NG,20050426,8.57,8.71,8.27,8.31,360600
NG,20050425,8.31,8.49,8.21,8.49,261800
NG,20050422,8.50,8.54,8.31,8.31,334300
NG,20050421,8.22,8.35,8.05,8.29,257300
NG,20050420,8.30,8.58,8.17,8.22,682000
NG,20050419,7.65,8.06,7.65,8.02,414200
NG,20050418,7.46,7.62,7.42,7.59,237700
NG,20050415,7.75,7.85,7.31,7.38,460800
NG,20050414,7.91,7.91,7.65,7.87,665700
NG,20050413,8.12,8.12,7.88,7.90,371700
NG,20050412,8.12,8.14,7.99,8.09,289800
NG,20050411,8.16,8.22,8.04,8.12,201000
NG,20050408,8.10,8.34,8.03,8.09,342500
NG,20050407,8.27,8.27,8.08,8.08,304500
NG,20050406,8.17,8.29,8.11,8.23,209600
NG,20050405,8.28,8.35,8.05,8.14,331400
NG,20050404,8.03,8.17,7.99,8.15,248000
NG,20050401,8.15,8.22,8.04,8.15,267400
NG,20050331,8.36,8.48,8.26,8.31,244300
NG,20050330,8.03,8.32,7.99,8.25,261900
NG,20050329,7.99,8.10,7.94,8.00,376100
NG,20050328,8.18,8.26,7.99,7.99,397500
NG,20050324,8.22,8.30,8.00,8.22,422500
NG,20050323,8.38,8.38,8.12,8.21,572600
NG,20050322,8.64,8.80,8.39,8.46,332500
NG,20050321,8.78,8.78,8.55,8.60,285700
NG,20050318,8.89,9.01,8.77,8.90,145000
NG,20050317,8.85,8.94,8.70,8.94,326300
NG,20050316,8.96,9.06,8.90,8.91,265800
NG,20050315,9.00,9.15,8.80,8.91,325800
NG,20050314,9.14,9.15,8.92,8.97,280600
NG,20050311,9.04,9.31,9.03,9.14,283800
NG,20050310,9.25,9.28,8.97,9.05,388900
NG,20050309,9.36,9.39,9.25,9.30,328800
NG,20050308,9.18,9.40,9.18,9.36,418200
NG,20050307,8.98,9.20,8.90,9.05,432500
NG,20050304,8.71,8.97,8.71,8.90,657200
NG,20050303,8.70,8.78,8.50,8.60,659700
NG,20050302,8.95,9.04,8.78,8.78,668800
NG,20050301,9.10,9.25,8.86,9.07,584200
NG,20050228,9.69,9.79,9.31,9.39,325700
NG,20050225,9.44,9.68,9.25,9.60,398600
NG,20050224,9.70,9.76,9.43,9.45,376800
NG,20050223,9.71,9.72,9.53,9.70,459400
NG,20050222,9.40,9.70,9.40,9.68,568200
NG,20050218,9.52,9.57,9.23,9.25,371600
NG,20050217,9.30,9.52,9.25,9.52,407000
NG,20050216,8.95,9.34,8.90,9.24,394600
NG,20050215,9.08,9.09,8.91,9.07,335600
NG,20050214,9.10,9.17,9.00,9.08,412000
NG,20050211,8.73,9.26,8.73,8.94,743100
NG,20050210,8.16,8.72,8.16,8.72,683300
NG,20050209,7.89,8.17,7.85,8.10,302100
NG,20050208,7.70,8.00,7.63,7.91,569200
NG,20050207,7.88,7.94,7.68,7.78,214700
NG,20050204,7.90,8.02,7.71,7.87,400400
NG,20050203,7.75,8.25,7.73,8.03,767800
NG,20050202,7.71,7.98,7.67,7.88,246500
NG,20050201,7.75,7.75,7.60,7.69,250900
NG,20050131,7.55,7.71,7.50,7.67,332700
NG,20050128,7.64,7.73,7.53,7.64,786100
NG,20050127,7.61,7.64,7.52,7.58,261200
NG,20050126,7.71,7.79,7.56,7.61,231000
NG,20050125,7.83,7.83,7.55,7.56,333500
NG,20050124,7.90,7.98,7.80,7.92,417400
NG,20050121,7.61,7.95,7.58,7.79,427600
NG,20050120,7.27,7.62,7.25,7.57,560600
NG,20050119,7.40,7.48,7.30,7.37,317900
NG,20050118,7.30,7.42,7.20,7.32,120000
NG,20050114,7.20,7.32,7.17,7.29,195700
NG,20050113,7.51,7.54,7.35,7.40,145300
NG,20050112,7.62,7.69,7.45,7.51,332500
NG,20050111,7.50,7.70,7.39,7.42,411000
NG,20050110,7.19,7.31,7.11,7.31,271200
NG,20050107,7.15,7.27,7.00,7.14,305600
NG,20050106,6.95,7.10,6.80,7.09,402700
NG,20050105,7.09,7.16,6.95,6.95,222000
NG,20050104,7.28,7.29,7.05,7.09,347100
NG,20050103,7.55,7.62,7.30,7.30,345800
NG,20041231,7.69,7.82,7.64,7.75,167000
NG,20041230,7.53,7.90,7.51,7.69,248800
NG,20041229,7.60,7.60,7.31,7.58,281300
NG,20041228,7.70,7.85,7.56,7.75,123300
NG,20041227,7.41,7.72,7.38,7.71,227700
NG,20041223,7.28,7.35,7.18,7.26,173700
NG,20041222,7.30,7.32,7.03,7.20,362400
NG,20041221,7.25,7.35,7.20,7.29,136500
NG,20041220,7.28,7.39,7.25,7.27,207800
NG,20041217,7.19,7.29,7.15,7.22,191600
NG,20041216,7.24,7.32,7.09,7.14,385300
NG,20041215,7.13,7.48,7.10,7.24,452400
NG,20041214,7.00,7.08,6.85,7.02,310300
NG,20041213,7.00,7.30,6.80,7.12,417100
NG,20041210,7.21,7.28,6.97,7.00,584100
NG,20041209,7.08,7.36,6.98,7.30,437700
NG,20041208,6.49,7.03,6.40,7.00,679600
NG,20041207,6.93,7.35,6.81,7.00,424400
NG,20041206,7.40,7.40,6.89,7.00,560900
NG,20041203,7.31,7.76,7.00,7.50,708300
NG,20041202,8.00,8.00,7.45,7.47,840500
NG,20041201,8.15,8.32,8.05,8.12,263100
NG,20041130,8.50,8.50,8.01,8.15,467300
NG,20041129,8.29,8.45,8.20,8.45,754500
NG,20041126,8.21,8.28,8.20,8.28,149200
NG,20041124,8.26,8.30,7.96,8.21,445300
NG,20041123,8.27,8.35,8.24,8.30,475000
NG,20041122,8.11,8.30,8.08,8.24,314400
NG,20041119,7.95,8.28,7.95,8.08,507900
NG,20041118,8.06,8.12,7.93,7.98,460900
NG,20041117,7.60,8.28,7.55,8.14,779300
NG,20041116,7.41,7.60,7.35,7.58,255600
NG,20041115,7.44,7.50,7.30,7.34,295000
NG,20041112,7.45,7.60,7.41,7.43,458400
NG,20041111,7.56,7.59,7.39,7.39,155900
NG,20041110,7.45,7.61,7.43,7.52,489900
NG,20041109,7.46,7.57,7.36,7.44,274800
NG,20041108,7.35,7.56,7.35,7.46,372800
NG,20041105,7.19,7.40,7.15,7.38,255800
NG,20041104,7.25,7.30,7.16,7.19,353700
NG,20041103,7.00,7.13,6.99,7.13,200700
NG,20041102,6.94,6.94,6.66,6.85,349400
NG,20041101,7.08,7.09,6.89,6.95,227900
NG,20041029,6.80,7.10,6.80,7.08,281500
NG,20041028,6.74,7.01,6.73,6.77,263200
NG,20041027,7.00,7.02,6.75,6.80,283100
NG,20041026,7.10,7.10,6.91,6.93,311400
NG,20041025,6.90,7.10,6.90,7.08,393400
NG,20041022,6.75,6.86,6.75,6.84,185500
NG,20041021,6.84,6.93,6.76,6.84,260900
NG,20041020,6.77,7.00,6.76,6.84,375200
NG,20041019,6.80,6.87,6.60,6.62,155300
NG,20041018,6.77,6.87,6.47,6.69,367600
NG,20041015,6.73,6.80,6.57,6.67,239000
NG,20041014,6.81,6.81,6.70,6.70,315500
NG,20041013,6.48,6.69,6.42,6.68,504600
NG,20041012,6.40,6.57,6.35,6.55,456900
NG,20041011,6.64,6.73,6.50,6.68,236900
NG,20041008,6.58,6.72,6.58,6.58,244500
NG,20041007,6.59,6.60,6.50,6.50,290200
NG,20041006,6.53,6.60,6.40,6.57,375000
NG,20041005,6.24,6.57,6.24,6.54,652900
NG,20041004,6.14,6.23,6.01,6.20,640000
NG,20041001,6.34,6.40,6.20,6.38,437400
NG,20040930,6.17,6.36,6.16,6.35,825000
NG,20040929,6.49,6.50,6.07,6.15,507200
NG,20040928,6.59,6.60,6.40,6.46,618300
NG,20040927,6.41,6.57,6.36,6.50,249500
NG,20040924,6.54,6.54,6.42,6.48,148100
NG,20040923,6.46,6.57,6.40,6.50,198600
NG,20040922,6.41,6.44,6.28,6.40,191000
NG,20040921,6.28,6.43,6.27,6.42,270700
NG,20040920,6.38,6.38,6.14,6.25,386300
NG,20040917,6.36,6.49,6.28,6.40,415000
NG,20040916,6.05,6.41,5.94,6.31,566200
NG,20040915,6.20,6.22,5.99,6.00,362600
NG,20040914,6.24,6.37,6.16,6.27,341900
NG,20040913,6.04,6.24,5.98,6.22,291500
NG,20040910,6.06,6.16,6.01,6.02,206200
NG,20040909,5.95,6.05,5.88,6.05,154300
NG,20040908,5.65,5.97,5.61,5.96,260100
NG,20040907,5.88,5.88,5.60,5.72,420700
NG,20040903,6.03,6.10,5.90,5.94,431100
NG,20040902,6.03,6.10,5.98,6.05,235900
NG,20040901,6.11,6.11,5.91,6.03,420200
NG,20040831,5.66,6.11,5.58,6.04,552100
NG,20040830,5.58,5.74,5.58,5.66,265900
NG,20040827,5.53,5.57,5.41,5.51,128400
NG,20040826,5.50,5.60,5.46,5.52,298000
NG,20040825,5.50,5.60,5.50,5.50,443500
NG,20040824,5.45,5.50,5.29,5.50,319100
NG,20040823,5.46,5.62,5.43,5.50,237000
NG,20040820,5.70,5.83,5.54,5.56,549900
NG,20040819,5.40,5.58,5.40,5.58,304900
NG,20040818,5.10,5.37,4.97,5.35,239100
NG,20040817,5.05,5.17,4.95,5.09,212400
NG,20040816,4.88,5.02,4.85,5.02,179400
NG,20040813,4.70,4.88,4.65,4.84,242700
NG,20040812,4.79,4.79,4.69,4.73,84500
NG,20040811,4.85,4.87,4.71,4.75,79100
NG,20040810,4.90,4.96,4.84,4.85,116100
NG,20040809,4.99,5.00,4.75,4.89,107000
NG,20040806,4.73,4.96,4.73,4.95,165400
NG,20040805,4.90,4.90,4.71,4.74,111400
NG,20040804,4.98,4.99,4.75,4.91,276000
NG,20040803,4.96,5.03,4.90,5.00,81900
NG,20040802,4.90,5.02,4.90,4.95,58400
NG,20040730,5.00,5.05,4.80,4.91,92300
NG,20040729,4.76,4.99,4.73,4.90,156900
NG,20040728,4.44,4.78,4.41,4.76,220000
NG,20040727,4.40,4.45,4.25,4.45,169800
NG,20040726,4.50,4.59,4.34,4.36,142500
NG,20040723,4.89,4.89,4.45,4.49,225100
NG,20040722,4.94,5.00,4.77,4.84,194200
NG,20040721,5.00,5.04,4.93,4.94,140400
NG,20040720,5.17,5.17,4.98,5.05,207400
NG,20040719,5.43,5.47,5.20,5.21,136300
NG,20040716,5.44,5.49,5.18,5.43,202500
NG,20040715,5.53,5.53,5.37,5.40,215900
NG,20040714,5.41,5.52,5.30,5.50,337300
NG,20040713,5.55,5.55,5.35,5.39,168800
NG,20040712,5.38,5.85,5.28,5.68,340300
NG,20040709,5.35,5.35,5.18,5.32,145900
NG,20040708,5.01,5.38,5.00,5.31,406400
NG,20040707,4.71,4.97,4.71,4.96,200600
NG,20040706,4.72,4.72,4.59,4.68,104600
NG,20040702,4.72,4.75,4.68,4.72,56100
NG,20040701,4.68,4.69,4.59,4.67,37300
NG,20040630,4.62,4.67,4.61,4.67,45700
NG,20040629,4.61,4.65,4.52,4.60,136600
NG,20040628,4.72,4.73,4.60,4.63,182000
NG,20040625,4.70,4.70,4.62,4.63,76000
NG,20040624,4.63,4.75,4.61,4.66,197500
NG,20040623,4.68,4.68,4.59,4.59,86700
NG,20040622,4.68,4.70,4.67,4.68,57100
NG,20040621,4.77,4.77,4.65,4.68,85200
NG,20040618,4.60,4.70,4.60,4.70,83000
NG,20040617,4.38,4.52,4.36,4.52,73200
NG,20040616,4.50,4.50,4.40,4.43,126600
NG,20040615,4.46,4.52,4.46,4.50,139200
NG,20040614,4.60,4.60,4.46,4.49,165300
NG,20040610,4.65,4.74,4.60,4.61,113100
NG,20040609,4.75,4.75,4.57,4.70,176100
NG,20040608,4.75,4.80,4.67,4.76,116200
NG,20040607,4.65,4.70,4.59,4.69,112500
NG,20040604,4.15,4.52,4.13,4.50,141100
NG,20040603,4.13,4.18,4.12,4.13,83700
NG,20040602,4.22,4.23,4.10,4.13,152500
NG,20040601,4.15,4.22,4.11,4.20,79400
NG,20040528,4.22,4.22,4.14,4.16,90100
NG,20040527,4.12,4.25,4.12,4.21,172400
NG,20040526,4.16,4.20,4.06,4.12,107000
NG,20040525,4.06,4.18,4.03,4.15,189100
NG,20040524,4.00,4.12,3.93,4.12,48600
NG,20040521,3.92,4.02,3.92,4.00,86400
NG,20040520,3.80,3.84,3.74,3.84,36100
NG,20040519,3.76,3.91,3.76,3.79,262700
NG,20040518,3.75,3.88,3.72,3.72,103000
NG,20040517,3.94,4.04,3.80,3.80,156500
NG,20040514,3.67,3.95,3.66,3.89,158500
NG,20040513,3.78,3.84,3.65,3.70,67100
NG,20040512,3.76,3.94,3.70,3.82,286000
NG,20040511,3.75,3.75,3.60,3.68,210500
NG,20040510,3.75,3.85,3.65,3.75,338600
NG,20040507,3.94,4.00,3.86,3.88,195400
NG,20040506,4.09,4.09,3.91,4.01,117200
NG,20040505,3.93,4.19,3.93,4.14,167100
NG,20040504,3.56,3.95,3.54,3.90,293400
NG,20040503,3.83,3.83,3.44,3.52,227200
NG,20040430,3.81,3.94,3.72,3.80,117600
NG,20040429,3.80,3.98,3.74,3.77,243300
NG,20040428,4.27,4.27,3.85,3.90,284000
NG,20040427,4.21,4.27,4.16,4.27,193300
NG,20040426,4.16,4.25,4.15,4.19,158000
NG,20040423,4.09,4.11,4.01,4.09,82300
NG,20040422,4.10,4.15,4.01,4.09,131800
NG,20040421,3.88,4.23,3.88,4.12,319800
NG,20040420,4.53,4.54,4.36,4.38,165500
NG,20040419,4.81,4.85,4.60,4.60,122400
NG,20040416,4.77,4.86,4.75,4.75,89100
NG,20040415,4.78,4.79,4.75,4.77,80700
NG,20040414,4.85,4.89,4.72,4.80,198700
NG,20040413,5.14,5.14,4.89,4.93,248200
NG,20040412,5.20,5.25,5.14,5.19,264900
NG,20040408,5.15,5.17,5.10,5.17,140500
NG,20040407,5.15,5.21,5.05,5.21,269600
NG,20040406,5.05,5.12,5.02,5.09,109300
NG,20040405,5.12,5.12,4.95,5.00,162200
NG,20040402,4.95,5.09,4.92,5.09,247900
NG,20040401,5.08,5.08,5.03,5.03,239100
NG,20040331,5.00,5.10,4.95,5.02,356400
NG,20040330,5.06,5.20,4.88,4.90,348400
NG,20040329,4.94,4.99,4.80,4.96,169600
NG,20040326,4.62,4.88,4.62,4.86,147800
NG,20040325,4.45,4.54,4.40,4.54,206300
NG,20040324,4.53,4.54,4.41,4.46,268200
NG,20040323,4.67,4.71,4.53,4.57,252000
NG,20040322,4.86,4.95,4.67,4.70,260800
NG,20040319,4.92,4.92,4.81,4.86,101100
NG,20040318,4.82,4.93,4.82,4.91,121400
NG,20040317,4.80,4.82,4.74,4.80,109100
NG,20040316,4.83,4.95,4.79,4.86,46800
NG,20040315,4.75,4.88,4.75,4.80,73700
NG,20040312,4.75,4.80,4.70,4.74,60600
NG,20040311,4.90,4.90,4.76,4.81,52800
NG,20040310,4.91,4.96,4.82,4.85,121100
NG,20040309,4.98,4.98,4.89,4.92,98600
NG,20040308,4.90,5.00,4.90,4.90,71000
NG,20040305,4.95,5.05,4.92,5.00,149200
NG,20040304,4.88,4.97,4.87,4.88,101800
NG,20040303,4.80,4.88,4.73,4.87,54300
NG,20040302,4.93,4.99,4.73,4.80,102000
NG,20040301,4.89,4.99,4.86,4.93,68200
NG,20040227,4.72,4.79,4.71,4.79,84000
NG,20040226,4.89,4.89,4.72,4.72,146900
NG,20040225,5.00,5.00,4.80,4.89,135400
NG,20040224,4.29,5.10,4.29,5.06,86900
NG,20040223,4.98,5.00,4.85,4.90,185300
NG,20040220,5.12,5.12,4.94,5.00,123700
NG,20040219,5.15,5.15,5.05,5.15,156700
NG,20040218,5.34,5.35,5.07,5.11,107000
NG,20040217,5.34,5.40,5.32,5.34,211200
NG,20040213,5.30,5.40,5.21,5.26,122800
NG,20040212,5.34,5.34,5.23,5.23,139500
NG,20040211,5.25,5.34,5.20,5.33,239600
NG,20040210,5.35,5.38,5.15,5.20,172500
NG,20040209,5.35,5.35,5.25,5.25,119900
NG,20040206,5.12,5.27,5.10,5.23,159600
NG,20040205,5.00,5.03,4.92,5.02,57300
NG,20040204,5.07,5.08,4.90,5.04,87000
NG,20040203,4.90,5.05,4.90,4.97,216700
NG,20040202,5.47,5.47,4.76,4.88,345200
NG,20040130,4.96,5.07,4.76,4.98,178300
NG,20040129,5.30,5.30,4.75,4.94,395700
NG,20040128,5.38,5.62,5.16,5.30,177800
NG,20040127,5.18,5.31,5.16,5.29,125900
NG,20040126,5.17,5.20,5.01,5.02,128500
NG,20040123,5.39,5.40,5.06,5.23,178300
NG,20040122,5.50,5.55,5.36,5.39,139200
NG,20040121,5.42,5.56,5.25,5.49,121900
NG,20040120,5.30,5.46,5.15,5.41,312600
NG,20040116,5.15,5.28,4.95,5.28,314900
NG,20040115,5.15,5.24,4.92,5.10,248700
NG,20040114,5.60,5.60,5.17,5.25,319000
NG,20040113,5.75,6.00,5.66,5.66,151200
NG,20040112,6.06,6.06,5.73,5.80,175400
NG,20040109,6.00,6.20,5.90,6.07,172400
NG,20040108,5.50,6.15,5.38,5.95,359300
NG,20040107,5.40,5.45,5.25,5.45,125200
NG,20040106,5.30,5.42,5.15,5.40,195100
NG,20040105,5.10,5.36,5.10,5.30,269200
NG,20040102,5.02,5.10,4.98,5.09,69500
NG,20031231,5.05,5.05,4.95,4.98,73800
NG,20031230,5.15,5.20,4.98,5.02,509100
NG,20031229,5.04,5.15,4.95,5.15,243700
NG,20031226,4.90,4.98,4.90,4.98,44200
NG,20031224,4.78,4.94,4.75,4.94,43400
NG,20031223,4.57,4.95,4.55,4.76,84900
NG,20031222,4.57,4.72,4.47,4.61,91000
NG,20031219,4.57,4.64,4.41,4.59,88800
NG,20031218,4.68,4.68,4.50,4.62,92000
NG,20031217,4.60,4.64,4.46,4.62,246100
NG,20031216,4.71,4.71,4.53,4.59,87200
NG,20031215,4.70,4.83,4.61,4.72,198500
NG,20031212,4.45,4.75,4.45,4.70,191300
NG,20031211,4.50,4.50,4.00,4.40,356100
NG,20031210,4.95,4.97,4.48,4.63,253500
NG,20031209,5.15,5.19,4.95,4.95,138900
NG,20031208,5.06,5.19,5.05,5.15,290400
NG,20031205,5.08,5.08,4.96,5.01,303500
NG,20031204,5.16,5.18,5.00,5.08,184000
